506 519 456 448 539 520 533 528 345 450 539 532 
502 522 452 447 539 520 537 522 354 450 539 532 
496 530 447 448 539 520 542 517 356 450 539 532 
491 534 440 448 539 520 548 511 364 450 539 533 
486 539 435 448 539 520 552 506 369 450 539 531 
481 545 431 449 539 520 558 501 375 450 539 533 
475 546 426 448 539 520 564 496 380 451 539 531 
470 553 419 448 539 520 568 489 386 450 539 530 
470 560 413 448 539 520 568 483 393 450 539 534 
470 565 408 448 539 520 568 477 400 450 539 531 
471 572 400 447 539 520 568 470 406 450 539 533 
470 575 394 447 539 520 567 464 413 450 539 531 
470 582 388 448 539 520 567 459 419 450 539 531 
470 589 382 448 539 520 568 452 423 450 539 533 
470 593 376 448 539 520 568 448 430 450 539 532 
470 599 369 448 539 520 568 440 436 450 539 533 
471 604 365 448 539 520 568 436 441 450 539 534 
470 609 358 448 539 520 568 430 446 450 539 530 
470 614 351 448 539 520 567 424 453 450 539 532 
470 621 346 448 539 520 568 417 458 450 539 532 
471 627 340 448 539 520 568 417 464 451 539 532 
470 632 335 448 539 520 568 417 468 450 539 532 
470 631 329 448 539 520 567 418 473 450 539 532 
470 631 323 448 539 520 568 417 480 450 539 532 
470 631 317 448 539 520 568 417 485 450 539 532 
470 631 310 448 539 520 568 417 490 450 539 532 
470 631 303 448 539 520 568 418 497 450 539 532 
470 631 296 448 539 520 567 417 504 450 539 532 
470 631 291 449 539 520 567 417 509 450 539 532 
470 631 284 448 539 520 568 417 514 450 539 532 
470 631 278 447 539 520 568 417 520 450 539 532 
470 631 274 448 539 520 568 417 525 450 539 532 
470 631 269 448 539 520 568 417 530 450 539 532 
470 631 263 448 539 520 568 417 534 450 539 532 
470 631 257 448 539 520 568 417 542 450 539 532 
470 631 250 448 539 520 568 417 547 450 539 532 
470 630 243 448 539 520 567 417 554 450 539 532 
471 631 238 448 539 520 567 417 559 450 539 532 
470 631 232 448 539 520 568 417 564 450 539 532 
470 631 225 448 539 520 568 417 571 450 539 532 
470 631 219 448 539 520 568 417 577 450 539 532 
471 631 216 448 539 520 568 417 583 450 539 532 
472 627 224 448 548 520 558 417 574 450 529 532 
485 628 232 448 554 520 552 418 570 450 524 533 
488 628 238 448 558 520 550 418 563 450 518 533 
497 628 243 447 565 520 541 418 556 450 511 531 
503 628 250 448 572 520 534 420 550 450 506 532 
505 628 256 448 576 520 530 418 546 450 500 532 
506 628 260 448 580 520 530 418 541 450 496 532 
507 627 267 448 587 520 531 418 536 450 492 532 
506 628 272 449 592 520 531 418 529 450 484 532 
506 628 282 448 602 520 531 418 522 450 476 532 
506 628 286 448 605 520 531 418 516 450 472 532 
506 628 292 448 611 520 531 418 510 450 466 532 
506 628 300 448 618 520 531 418 504 450 459 532 
506 628 305 447 622 520 531 418 501 450 455 532 
506 628 311 448 629 520 531 418 493 450 448 532 
506 628 317 448 634 520 531 418 489 450 445 532 
506 627 322 448 634 520 531 418 483 450 445 532 
506 628 328 448 634 520 531 418 478 451 445 532 
506 628 333 448 634 520 531 418 472 450 445 532 
506 628 339 448 634 520 531 418 467 450 445 532 
506 628 346 448 634 520 531 418 462 450 445 532 
506 628 351 448 634 520 531 418 457 450 445 532 
506 628 358 448 634 520 531 418 450 450 445 532 
506 627 364 448 634 520 531 418 445 450 446 532 
506 628 370 448 634 520 531 418 438 450 445 532 
506 628 376 448 634 520 531 418 434 450 445 532 
506 628 383 448 634 520 531 418 427 450 445 532 
506 628 388 447 634 520 531 418 421 450 445 532 
506 628 394 448 634 520 531 418 416 450 445 532 
506 628 401 448 634 520 531 418 411 450 445 532 
506 628 405 447 634 520 531 418 404 450 445 532 
506 628 413 447 634 520 531 418 398 450 445 532 
506 627 418 448 634 520 531 418 393 450 445 532 
506 628 423 448 634 520 531 418 387 450 445 532 
506 628 429 448 634 520 531 418 381 450 445 532 
506 628 434 448 634 520 531 418 375 450 445 532 
506 628 440 448 634 520 531 418 369 450 446 532 
506 628 446 448 634 520 531 418 363 450 445 532 
506 628 452 448 634 520 531 418 356 451 446 532 
506 628 456 448 634 521 531 418 346 450 446 531 
506 624 456 452 628 526 531 425 345 444 452 522 
506 614 456 460 621 531 531 432 345 437 460 520 
506 609 456 465 618 539 531 437 345 431 462 512 
506 604 456 473 608 543 531 444 345 425 472 508 
506 599 456 477 605 550 531 450 345 419 476 500 
506 594 456 483 597 556 531 457 345 414 480 494 
506 587 456 484 592 560 531 461 345 414 488 489 
506 581 456 484 588 566 531 467 345 414 494 483 
507 577 456 484 580 570 531 473 345 414 500 478 
506 570 456 484 575 579 531 482 345 414 510 469 
506 562 456 484 563 586 531 488 345 415 513 461 
506 558 456 483 561 592 531 494 345 416 520 456 
506 555 456 483 555 596 531 500 345 414 527 451 
506 545 456 483 546 603 531 507 345 414 531 445 
506 541 456 484 543 610 531 516 345 414 543 433 
506 530 456 483 531 619 531 523 345 415 549 427 
506 528 456 484 526 624 531 529 345 414 554 422 
506 519 456 484 518 629 531 528 345 414 560 417 
506 519 456 483 516 637 531 527 345 415 565 411 
507 520 456 484 509 641 531 528 345 414 571 405 
506 518 456 483 503 646 531 528 345 414 575 400 
506 518 456 483 499 652 531 528 345 414 581 393 
506 521 456 483 492 657 531 528 345 414 587 386 
507 519 456 483 486 664 531 528 345 414 594 379 
506 520 456 483 480 671 531 528 345 415 601 373 
506 520 456 483 472 678 531 528 345 414 605 368 
506 518 456 484 468 683 531 528 345 414 611 361 
507 520 456 484 463 689 531 528 345 414 617 354 
506 519 456 483 456 695 531 528 345 414 623 348 
506 518 456 483 451 701 531 528 345 414 629 342 
506 520 456 484 445 706 531 528 345 414 636 336 
506 518 456 483 439 712 531 528 345 414 642 329 
506 519 456 484 433 718 531 528 345 414 648 323 
506 520 456 484 427 725 531 528 345 414 652 317 
506 517 456 484 427 731 531 528 345 414 652 311 
506 520 456 483 427 736 531 528 345 415 652 304 
506 519 456 484 427 741 531 528 345 415 652 298 
506 517 456 483 427 748 531 528 345 415 652 293 
506 519 456 484 427 753 531 528 345 415 652 291 
506 517 456 483 427 760 531 528 345 415 652 293 
506 517 456 480 430 753 531 535 345 423 649 301 
506 508 456 471 430 748 531 541 345 429 649 308 
505 503 456 467 431 741 531 547 345 432 648 313 
506 498 456 461 430 736 531 553 345 441 649 319 
508 492 456 456 430 731 531 558 345 446 649 326 
506 487 456 451 430 725 531 564 345 449 649 331 
506 481 456 446 430 720 531 569 345 450 649 338 
506 473 456 448 430 713 531 576 345 450 649 344 
506 472 456 448 430 708 531 582 345 450 649 350 
507 463 457 448 430 701 531 587 345 450 649 354 
507 458 456 448 430 696 531 592 345 450 649 361 
506 457 456 447 430 691 531 597 345 450 649 368 
506 449 456 448 430 685 531 604 345 450 649 373 
506 443 456 448 430 680 531 608 345 450 649 377 
506 439 456 449 430 675 531 613 345 450 649 384 
506 434 456 447 430 668 531 620 345 450 649 388 
506 429 456 448 430 663 531 623 345 451 649 395 
506 424 456 448 430 656 531 622 345 451 649 402 
506 424 456 447 430 650 531 622 345 450 649 410 
506 425 456 448 430 646 531 623 345 450 649 414 
506 424 456 448 430 639 531 623 345 450 649 418 
506 424 456 448 430 635 531 623 345 450 649 426 
506 425 456 447 430 628 531 623 345 450 649 432 
506 424 456 448 430 622 531 623 345 450 649 439 
506 424 456 448 430 617 531 623 345 450 648 444 
506 424 456 448 430 611 531 623 345 450 649 449 
506 424 456 448 430 605 531 622 345 450 649 455 
507 424 456 448 430 599 531 623 345 450 649 460 
506 424 456 447 430 595 531 623 345 450 649 466 
506 424 456 448 430 588 531 623 345 450 649 472 
506 424 456 448 430 583 531 623 345 451 649 478 
506 424 456 449 430 576 531 622 345 450 649 484 
506 424 456 448 430 571 531 622 345 450 649 491 
506 424 456 447 430 566 531 623 345 450 649 496 
506 424 456 448 430 561 531 623 345 450 648 501 
506 424 456 448 430 556 531 623 345 450 648 507 
506 424 456 448 430 551 531 623 345 450 648 512 
506 424 456 448 430 545 531 623 345 450 649 518 
506 424 456 447 430 540 531 622 345 450 649 524 
506 424 456 447 430 532 531 623 345 450 649 530 
506 424 456 448 430 526 531 623 345 450 649 532 
506 424 456 448 430 520 531 623 345 450 649 532 
503 427 452 448 435 520 536 618 353 450 642 533 
497 433 448 448 442 520 542 612 356 450 634 532 
492 438 441 448 445 520 548 606 363 450 631 533 
486 445 437 448 452 520 553 601 370 450 627 532 
481 449 431 448 458 520 558 596 372 450 619 532 
475 453 426 448 460 520 564 592 380 451 613 532 
470 462 420 449 468 520 568 585 386 450 608 532 
471 464 414 448 473 520 568 579 392 450 605 532 
470 468 409 448 479 520 568 573 398 450 596 532 
470 477 403 447 487 520 568 568 404 451 591 532 
471 481 397 448 491 520 568 562 410 450 588 532 
471 486 391 448 497 520 568 557 415 451 581 533 
470 493 385 448 503 520 567 551 421 450 573 531 
471 495 379 448 507 520 568 547 426 450 571 533 
470 502 374 448 513 520 568 541 431 450 564 534 
471 507 369 447 521 520 568 535 437 450 561 530 
470 511 364 448 522 520 568 530 442 450 554 532 
471 518 357 448 529 520 568 524 447 451 550 532 
470 522 351 448 537 520 568 519 453 450 545 532 
471 526 346 448 537 520 568 514 457 450 539 533 
470 532 340 447 539 520 568 510 462 450 537 533 
470 537 335 448 539 520 568 504 467 450 541 532 
470 540 329 448 539 520 568 498 472 450 539 534 
470 547 324 447 539 520 568 492 477 450 539 532 
470 551 319 447 539 520 568 487 483 450 538 533 
471 557 312 448 539 520 568 482 488 450 539 533 
470 562 308 448 539 520 568 476 493 450 541 532 
470 567 302 449 539 520 567 472 497 450 541 532 
470 571 295 447 539 520 568 465 504 450 539 532 
470 577 291 448 539 520 568 461 509 450 539 531 
470 581 285 448 539 520 568 454 514 450 539 533 
470 587 278 448 539 520 568 448 521 450 539 532 
470 594 272 448 539 520 567 442 527 450 539 532 
470 598 266 448 539 520 568 436 531 450 539 532 
470 604 260 448 539 520 567 430 538 450 539 532 
470 608 255 447 539 520 568 424 544 450 539 532 
470 614 248 448 539 520 568 418 550 450 539 531 
471 622 241 448 539 520 568 416 556 450 539 533 
470 628 234 448 539 520 568 416 561 450 539 533 
470 633 229 448 539 520 567 417 566 450 538 532 
471 630 224 448 539 520 568 416 571 450 538 532 
472 631 219 447 539 520 568 417 576 450 539 532 
470 631 216 447 539 520 568 416 585 450 539 533 
471 628 220 448 543 520 565 418 578 450 532 532 
480 628 225 447 548 520 557 418 573 451 528 532 
485 628 232 448 554 520 551 418 569 450 524 532 
488 628 237 449 558 520 550 418 564 450 518 533 
496 628 243 448 563 520 542 418 558 450 513 532 
502 627 248 447 569 520 537 418 554 450 508 533 
505 627 255 448 575 520 533 418 547 450 504 532 
506 628 260 448 580 520 531 418 542 450 497 532 
508 628 265 447 585 520 531 418 537 451 492 532 
506 628 272 448 590 520 531 418 529 450 485 532 
506 628 278 447 597 520 531 418 525 450 480 532 
506 628 284 448 603 520 531 418 518 450 475 532 
506 628 291 447 609 520 531 418 513 450 467 532 
506 628 296 447 613 520 531 418 508 450 463 532 
506 627 302 448 620 520 531 418 503 450 458 532 
506 628 308 447 625 520 531 418 497 450 452 532 
506 628 312 448 631 520 531 418 492 450 447 532 
506 628 318 448 634 520 531 418 487 450 445 532 
507 628 324 448 634 520 531 420 482 450 445 532 
506 628 330 448 634 520 531 418 477 450 445 532 
506 628 336 447 634 520 531 420 471 450 445 532 
506 627 342 448 634 520 531 418 465 450 445 532 
506 628 348 448 634 520 531 418 460 450 445 532 
506 628 355 448 634 520 531 418 454 450 445 532 
506 628 360 448 634 520 531 418 448 450 446 532 
506 628 365 447 634 520 531 418 443 450 445 532 
506 628 373 448 634 520 531 418 437 450 445 532 
506 627 377 448 634 520 531 418 432 450 445 532 
506 628 385 448 634 520 531 418 426 450 445 532 
506 628 390 448 634 520 531 418 421 450 445 532 
506 627 396 448 634 520 531 418 415 450 445 532 
506 627 402 447 634 520 531 418 410 450 445 532 
506 628 406 448 634 520 531 418 405 450 445 532 
506 628 413 448 634 520 531 418 400 450 445 532 
506 628 418 447 634 520 531 418 393 450 445 532 
506 628 423 448 634 520 531 418 387 450 445 532 
506 627 430 448 634 520 531 418 381 450 446 532 
506 628 434 448 634 520 531 418 375 450 446 532 
507 627 440 448 634 520 531 418 370 450 446 532 
506 628 447 447 634 520 531 418 363 450 445 532 
506 627 452 448 634 520 531 418 356 450 445 532 
506 628 456 448 634 520 531 418 346 450 446 530 
506 623 456 452 628 525 531 424 345 444 453 525 
506 614 456 459 622 530 531 430 345 439 459 520 
507 610 456 464 619 537 531 436 345 433 461 514 
506 608 456 469 610 542 531 441 345 428 471 509 
506 600 456 474 606 547 531 447 345 423 475 503 
506 595 456 480 602 552 531 452 345 417 480 498 
506 591 456 484 594 557 531 459 345 414 484 493 
506 587 456 484 591 561 531 461 345 414 491 487 
506 582 456 484 585 566 531 467 345 414 494 483 
506 577 456 484 579 571 531 473 345 415 499 478 
506 572 456 483 577 577 531 478 345 414 507 472 
506 569 456 484 571 582 531 484 345 414 511 467 
506 561 456 484 564 587 531 488 345 414 515 461 
506 557 456 484 562 592 531 494 345 414 519 457 
506 554 456 483 554 597 531 500 345 415 527 451 
506 545 456 484 548 602 531 504 345 415 531 446 
506 542 456 484 545 607 531 511 345 414 537 440 
506 538 456 483 538 612 531 516 345 414 544 432 
506 530 456 485 531 620 531 524 345 414 550 427 
506 523 456 484 524 627 531 528 345 415 556 419 
506 518 456 483 518 632 531 528 345 414 562 415 
506 519 456 484 514 637 531 528 345 414 567 409 
506 519 456 483 508 643 531 528 345 415 573 402 
506 518 456 484 502 650 531 528 345 414 577 397 
506 520 456 484 496 655 531 528 345 415 584 391 
506 518 456 484 488 661 531 528 345 415 589 385 
506 518 456 484 487 666 531 528 345 414 594 379 
507 520 456 484 480 671 531 528 345 415 599 375 
506 519 456 483 474 678 531 528 345 415 604 368 
506 518 456 484 464 687 531 528 345 414 616 355 
506 519 456 483 457 693 531 528 345 414 621 351 
506 517 456 484 453 698 531 528 345 414 626 345 
506 520 456 484 447 704 531 528 345 414 632 341 
506 519 456 484 441 709 531 528 345 414 639 333 
506 518 456 485 437 715 531 528 345 415 643 328 
506 520 456 484 430 720 531 528 345 414 649 323 
506 518 456 483 427 725 531 528 345 414 652 317 
506 519 456 483 427 732 531 528 345 414 652 310 
506 520 456 483 427 738 531 528 345 414 652 303 
506 518 456 484 427 746 531 528 345 415 652 293 
506 520 456 484 427 753 531 528 345 414 652 291 
506 517 456 483 427 760 531 529 345 415 651 291 
506 514 456 479 430 752 531 535 345 424 649 301 
506 506 456 471 430 747 531 542 345 429 648 308 
505 504 456 466 431 741 531 548 345 433 648 314 
506 496 456 460 431 735 531 553 345 442 649 320 
506 492 456 455 430 730 531 561 345 446 649 327 
506 485 456 447 430 723 531 566 345 451 649 333 
506 479 456 447 430 717 531 571 345 450 649 339 
503 474 456 450 430 711 531 577 345 450 649 344 
507 467 456 446 430 705 531 584 345 450 649 353 
506 462 456 448 430 698 531 589 345 450 649 359 
505 455 456 445 430 693 531 596 345 451 649 367 
508 453 456 448 430 687 531 603 345 450 649 372 
505 445 456 449 430 680 531 608 345 450 649 377 
506 438 456 447 430 675 531 614 345 450 648 384 
506 434 456 448 430 669 531 620 345 450 649 388 
506 427 457 448 430 664 531 622 345 451 649 395 
506 424 456 447 430 657 531 622 345 450 649 403 
506 426 456 448 430 651 531 622 345 450 649 408 
506 424 456 448 430 647 531 622 345 451 649 412 
506 424 456 448 431 640 531 622 345 450 649 418 
506 425 456 448 430 636 531 622 345 450 649 423 
506 425 456 447 430 631 531 622 345 450 648 428 
506 424 456 448 430 625 531 622 345 450 649 435 
507 424 456 448 430 621 531 622 345 450 649 439 
506 424 456 448 430 614 531 622 345 450 649 444 
506 424 456 448 430 610 531 622 345 450 649 451 
506 424 456 447 430 604 531 622 345 450 649 456 
506 425 456 448 430 599 531 622 345 450 649 461 
506 424 456 448 430 594 531 622 345 450 649 467 
506 424 456 447 430 588 531 622 345 450 649 472 
506 424 456 448 430 584 531 623 345 450 649 479 
506 424 456 447 430 576 531 623 345 450 649 484 
506 424 456 448 430 572 531 622 345 450 649 489 
506 424 456 447 430 567 531 622 345 450 649 496 
506 424 456 448 430 561 531 622 345 450 649 502 
506 424 456 447 430 556 531 622 345 451 649 508 
506 425 456 448 430 550 531 623 345 450 648 513 
506 424 456 448 430 543 531 622 345 450 649 518 
506 424 456 448 430 538 531 622 345 450 648 526 
506 424 456 448 430 532 531 622 345 450 648 530 
506 424 456 448 430 527 531 622 345 450 649 531 
506 424 456 448 430 520 531 622 345 450 648 532 
506 426 456 448 433 520 531 620 345 450 643 532 
506 433 456 448 441 520 531 613 345 450 634 533 
506 438 456 448 446 520 531 606 345 450 631 533 
506 442 456 447 452 520 531 601 345 450 628 533 
506 451 456 448 458 520 531 595 345 450 617 532 
506 454 456 448 461 520 531 589 345 450 614 533 
506 462 456 448 471 520 531 584 345 450 609 532 
506 466 456 447 474 520 531 578 345 450 601 532 
506 470 456 448 481 520 531 572 345 450 594 530 
507 480 456 448 487 520 531 566 345 450 590 532 
506 482 456 447 494 520 531 561 345 450 583 532 
506 491 456 448 501 520 531 553 345 450 576 532 
506 495 456 448 503 520 531 548 345 450 572 532 
506 501 456 448 511 520 531 541 345 450 568 532 
506 507 456 448 517 520 531 536 345 450 562 530 
506 508 456 448 521 520 531 531 345 450 556 533 
506 516 456 448 527 520 531 527 345 450 549 532 
506 519 456 448 532 520 531 528 345 450 547 532 
506 519 456 448 539 520 531 528 345 450 538 531 
