503 519 451 444 523 541 531 525 356 449 537 532 
501 523 446 443 523 541 537 519 364 448 537 532 
497 528 440 443 523 542 541 513 369 449 537 532 
491 534 434 443 524 541 549 508 377 449 539 532 
484 540 428 442 523 541 555 501 384 449 537 531 
475 547 423 442 523 541 562 494 391 450 537 533 
472 552 415 443 522 541 564 488 397 450 538 532 
473 557 408 442 523 541 564 483 402 449 537 532 
473 562 405 443 522 540 564 477 409 449 537 532 
473 569 396 444 522 540 564 478 415 450 537 532 
473 566 393 445 522 540 564 477 420 448 537 532 
473 567 385 444 522 541 563 477 425 448 537 532 
473 566 379 444 522 541 564 477 432 448 537 532 
473 567 374 444 522 541 564 477 438 448 536 531 
473 567 366 444 522 541 564 477 444 448 536 532 
473 567 359 444 522 541 564 477 449 448 537 532 
473 566 352 445 523 541 564 477 456 448 537 532 
473 567 347 442 523 542 564 477 463 448 537 532 
474 567 340 443 523 542 564 477 467 449 536 532 
474 567 335 443 524 541 564 477 473 448 536 532 
473 567 329 443 524 541 563 477 479 448 536 532 
474 567 324 443 524 542 563 476 483 448 535 532 
477 572 331 443 529 541 557 473 477 448 530 532 
484 577 335 443 533 541 554 469 472 446 525 532 
491 582 341 443 539 541 548 462 467 447 518 532 
493 587 347 443 543 540 541 455 461 446 513 532 
503 593 354 445 548 540 536 450 457 446 509 532 
505 598 359 444 554 540 534 445 449 446 501 532 
503 602 364 445 559 540 533 439 444 447 497 531 
503 607 370 445 565 540 533 434 440 446 492 532 
503 612 375 445 572 541 533 428 435 447 486 531 
503 617 379 444 577 542 533 423 431 447 481 531 
503 623 385 444 582 541 533 417 424 447 476 532 
503 628 392 443 589 541 534 417 418 448 471 532 
503 628 397 443 593 542 533 418 414 447 467 532 
505 627 404 444 601 541 533 416 408 448 459 534 
505 627 410 444 605 541 533 416 400 448 453 532 
503 625 417 446 614 541 531 415 396 448 447 532 
501 628 422 443 617 540 531 416 386 447 442 532 
503 629 430 446 618 541 531 416 380 449 441 533 
503 628 434 444 618 541 533 415 375 448 441 533 
503 627 440 444 618 542 533 415 370 448 442 532 
502 628 445 444 618 541 533 416 360 448 442 531 
503 628 451 444 619 541 531 415 355 447 442 531 
503 622 453 448 613 547 531 423 356 441 450 522 
505 618 452 453 606 553 531 427 355 436 456 516 
505 611 452 461 601 561 531 432 355 429 462 511 
505 604 452 469 592 569 531 440 354 418 473 500 
506 598 452 474 585 576 531 448 354 417 479 494 
506 592 452 474 579 583 531 453 354 417 485 489 
505 586 452 474 574 589 531 460 354 417 493 482 
505 580 453 474 567 597 531 467 354 418 497 475 
505 573 453 475 561 601 531 475 354 418 506 471 
505 566 452 475 554 608 531 483 354 417 511 461 
503 560 452 476 548 612 531 488 354 417 516 457 
503 555 453 476 542 619 531 494 354 418 523 450 
503 550 452 474 534 624 531 499 354 418 530 445 
503 544 452 475 529 629 531 507 354 417 532 439 
503 538 452 475 523 635 530 512 354 417 541 433 
503 532 452 475 517 640 531 519 354 418 545 428 
503 527 452 475 512 646 531 523 355 418 550 422 
503 522 452 475 507 651 531 523 355 417 555 417 
503 519 451 475 500 656 531 524 356 418 562 412 
503 518 450 475 496 660 531 525 358 418 565 408 
503 520 451 475 491 666 531 525 356 417 571 406 
503 519 451 475 486 668 530 525 356 417 574 406 
503 518 450 475 482 668 530 527 356 417 580 406 
503 518 450 475 475 667 531 525 356 418 585 406 
503 516 450 473 472 663 530 529 356 421 590 413 
503 513 451 466 467 659 531 535 355 428 595 416 
503 508 453 461 463 653 530 539 356 433 599 422 
503 504 451 458 458 650 530 543 355 435 604 427 
503 500 451 452 453 643 530 547 355 442 608 432 
503 495 452 446 449 640 531 553 355 448 614 437 
503 491 451 446 444 635 531 555 355 449 618 440 
503 484 451 441 438 629 531 562 356 448 622 445 
503 479 449 443 435 625 531 568 355 448 629 452 
503 473 451 446 430 620 531 572 356 448 636 456 
505 471 451 444 424 614 530 578 358 448 639 457 
503 464 450 443 419 611 531 586 356 448 643 466 
502 460 450 447 415 605 530 589 356 448 647 471 
503 455 450 442 413 599 530 594 358 449 647 477 
503 450 450 446 416 598 530 601 358 449 646 484 
502 445 450 443 414 591 534 605 358 452 648 485 
505 439 450 444 414 585 534 611 358 450 647 493 
503 435 450 444 413 581 533 616 358 450 647 497 
502 431 450 444 413 575 533 620 356 450 647 502 
503 425 450 444 413 570 533 620 358 450 646 508 
503 424 450 444 413 565 531 621 358 450 646 514 
505 423 450 443 414 560 531 620 356 448 646 519 
503 423 450 443 414 555 531 621 356 448 646 525 
503 423 450 443 414 549 531 621 358 449 646 529 
503 422 451 444 414 542 531 621 358 449 647 532 
501 425 448 443 418 539 535 619 364 449 643 532 
495 430 441 443 423 541 540 613 369 450 638 533 
493 434 436 444 428 541 543 609 375 449 634 533 
487 438 431 443 432 540 550 605 380 450 629 533 
482 445 426 443 438 541 557 597 386 449 624 533 
477 448 420 443 441 540 562 593 391 450 619 534 
474 454 416 443 446 540 562 587 396 449 614 534 
474 458 411 443 451 540 563 582 401 449 608 534 
474 464 405 443 456 540 563 576 406 449 603 534 
473 468 400 443 460 539 563 570 413 449 597 534 
473 474 394 443 464 540 563 565 417 448 593 534 
473 479 390 443 469 539 563 558 421 448 588 534 
473 483 384 443 473 539 563 553 424 448 582 534 
473 490 378 443 480 539 563 549 432 448 576 534 
473 494 374 443 485 539 563 543 436 448 572 534 
473 500 367 443 492 540 563 538 441 448 566 534 
473 504 363 444 498 540 563 533 446 449 560 534 
473 510 357 444 503 540 563 527 450 449 554 534 
473 515 352 444 509 540 563 523 457 449 550 533 
473 519 347 444 514 540 563 516 461 449 544 534 
473 523 342 444 518 540 563 512 466 449 539 533 
473 529 337 444 522 540 563 507 471 449 538 533 
473 534 331 444 522 541 563 501 476 449 538 532 
473 540 326 445 522 541 563 497 482 449 537 532 
473 545 324 445 522 541 563 489 483 449 538 532 
473 550 324 444 522 541 563 486 483 449 537 532 
473 555 323 444 522 541 563 479 483 449 537 532 
473 560 324 445 522 541 563 477 483 449 538 532 
473 566 324 443 522 540 563 477 483 449 538 533 
474 570 327 444 525 541 562 474 479 449 533 533 
482 575 333 444 529 540 554 469 472 449 531 533 
486 578 337 444 532 540 548 464 470 449 526 533 
492 582 343 444 538 540 545 459 462 449 520 533 
497 588 348 444 543 539 537 452 458 449 515 533 
502 593 355 445 551 540 534 446 453 449 509 533 
503 599 360 444 557 540 531 441 448 449 501 533 
505 604 366 444 562 540 533 436 441 450 496 532 
503 608 373 443 569 541 533 430 436 449 490 532 
503 616 377 444 575 542 533 425 432 449 484 532 
503 621 385 444 580 542 533 417 426 449 479 533 
505 627 388 444 588 542 531 417 422 448 474 531 
501 627 394 444 588 541 530 416 417 448 467 531 
503 627 402 446 595 542 530 417 411 449 462 532 
505 627 405 441 602 542 530 416 408 448 460 532 
503 627 412 444 606 541 531 416 400 449 452 532 
505 628 417 445 613 542 531 413 394 448 447 534 
505 628 422 442 617 542 531 416 384 449 441 532 
505 628 429 445 620 542 533 415 380 449 443 529 
505 628 437 443 619 542 531 415 373 448 439 533 
503 629 441 443 619 541 531 415 368 448 442 529 
503 628 447 443 619 542 531 415 363 448 442 532 
505 628 452 443 619 541 531 415 355 448 442 531 
505 625 451 447 614 547 531 418 355 443 447 526 
505 619 452 452 609 552 531 425 356 439 452 519 
505 614 451 458 605 556 531 428 354 433 457 515 
506 611 452 463 599 561 531 432 354 429 462 511 
505 608 452 467 595 566 531 437 355 423 468 503 
505 603 452 474 590 572 531 442 355 417 474 499 
505 595 453 474 583 579 531 449 354 417 481 493 
505 590 453 474 578 584 531 457 354 418 489 487 
505 585 453 475 572 590 531 462 354 417 494 481 
505 579 453 475 566 594 531 467 354 418 497 477 
503 574 453 475 561 600 531 474 354 417 504 470 
503 568 453 475 556 605 531 481 355 418 509 465 
505 562 453 475 550 609 531 487 354 417 513 459 
503 558 453 475 543 614 531 490 354 417 518 454 
503 552 452 475 538 621 531 496 354 417 525 449 
503 546 452 475 532 625 531 504 355 417 531 443 
503 542 452 475 527 632 531 509 354 418 536 438 
505 537 452 475 522 637 531 515 355 417 541 432 
503 531 452 475 516 642 531 521 355 417 547 427 
503 527 452 475 511 648 531 523 355 418 553 421 
503 521 452 475 503 653 531 523 355 417 555 416 
503 519 451 475 498 659 530 524 356 418 563 411 
503 519 449 474 493 663 531 524 356 417 569 406 
503 517 451 475 486 669 530 525 359 418 574 406 
505 518 450 475 482 667 530 525 355 418 580 406 
503 519 451 475 475 667 530 525 356 418 586 406 
503 517 450 473 471 663 530 529 355 423 590 415 
503 510 451 462 464 656 531 535 356 433 597 421 
503 505 452 458 459 650 531 541 355 435 604 427 
503 500 452 450 452 645 530 547 356 443 609 433 
503 493 452 445 446 636 531 553 356 449 617 440 
505 486 452 442 440 632 531 561 355 449 622 445 
505 479 451 445 433 624 531 567 356 447 630 453 
505 472 451 442 427 618 531 575 358 450 636 457 
505 467 450 443 422 612 531 583 355 448 641 464 
503 461 450 446 415 606 530 586 356 448 646 470 
501 455 450 441 414 602 530 592 358 449 649 473 
503 449 451 446 415 597 531 599 358 449 649 479 
503 446 450 444 414 591 534 605 358 450 646 485 
503 441 451 444 412 586 533 609 358 450 646 491 
503 436 450 443 414 581 533 614 358 450 644 496 
503 431 451 444 414 575 531 619 356 450 644 501 
503 425 451 443 414 570 531 621 356 449 647 508 
503 423 451 443 414 564 530 620 356 446 646 513 
505 423 450 443 414 559 530 621 358 451 646 519 
505 422 450 444 415 556 530 620 358 448 648 524 
503 422 450 444 414 550 530 621 358 449 646 528 
503 423 450 443 414 542 531 621 358 449 647 532 
502 425 450 444 417 540 533 619 359 450 642 532 
503 428 450 444 423 540 533 614 358 450 639 532 
503 433 449 444 427 540 533 610 359 449 634 533 
503 435 449 444 431 540 533 606 359 449 631 534 
503 439 449 444 437 540 533 601 359 449 626 533 
506 447 450 444 441 540 533 597 359 449 621 534 
505 451 449 444 446 541 533 592 359 448 616 534 
505 457 449 444 452 540 533 587 359 448 610 534 
505 462 449 444 457 540 533 582 359 448 604 534 
505 467 449 444 461 540 531 578 359 448 595 534 
505 475 449 444 471 540 533 569 359 447 589 534 
505 481 449 444 477 540 531 566 359 447 585 534 
505 486 449 444 481 540 531 559 359 447 581 534 
505 491 449 444 487 540 531 554 359 448 574 534 
506 497 449 444 493 541 531 548 359 448 570 534 
505 503 449 444 498 540 531 541 359 448 563 534 
505 507 449 443 503 541 531 535 359 448 557 534 
506 513 449 443 509 540 531 530 359 448 551 534 
506 519 450 444 515 541 531 529 358 448 545 534 
506 521 450 443 522 542 531 526 358 449 537 534 
