503 515 453 437 518 546 535 526 358 444 536 529 
500 520 447 437 518 546 539 519 369 444 536 529 
496 526 441 436 518 546 544 515 372 445 537 530 
491 533 435 436 517 546 548 508 379 445 536 529 
489 539 430 435 518 547 549 502 386 446 536 530 
489 544 423 435 517 546 549 497 392 446 537 530 
489 548 418 435 516 546 550 489 397 446 537 530 
489 552 412 435 516 546 550 484 403 446 537 530 
489 559 406 436 517 546 550 478 409 445 537 530 
489 564 401 435 517 545 550 473 414 445 537 530 
489 569 397 436 516 546 550 466 419 445 537 530 
488 576 388 436 516 546 551 461 426 444 537 530 
488 581 379 436 517 546 551 453 432 444 537 530 
489 589 376 436 516 546 551 448 439 444 537 530 
489 591 368 437 516 546 551 444 446 445 536 529 
488 599 365 437 516 546 551 444 450 444 537 529 
488 594 356 437 516 546 551 444 457 444 536 529 
488 596 350 437 516 546 551 444 461 444 536 529 
488 597 343 436 517 546 551 444 468 444 536 529 
488 597 338 436 517 547 552 444 473 444 536 529 
488 597 331 436 517 547 551 444 481 444 536 529 
488 596 324 436 518 547 551 442 488 445 536 529 
488 596 317 436 517 546 552 444 492 445 535 528 
488 597 310 436 517 547 551 444 497 444 536 529 
488 597 303 436 518 546 551 442 504 444 536 529 
488 597 297 437 518 547 551 444 511 444 536 529 
488 597 292 436 518 547 552 442 517 444 535 529 
488 597 284 439 518 547 551 444 524 444 535 529 
488 596 276 436 518 547 551 442 531 445 536 529 
488 597 275 437 518 547 551 442 536 445 535 528 
492 603 284 436 526 547 547 436 529 444 527 529 
503 609 287 436 531 546 538 432 522 443 520 529 
505 614 297 436 538 546 534 424 515 443 513 529 
503 622 301 436 543 546 535 418 510 443 507 529 
503 629 312 439 549 546 535 410 502 444 500 529 
503 634 315 437 556 546 535 404 494 443 495 529 
503 640 322 439 562 545 535 402 490 443 489 529 
503 640 328 437 567 546 536 402 486 442 482 528 
503 639 333 437 574 547 535 402 481 443 479 528 
505 639 338 437 579 546 535 402 478 442 472 528 
505 640 345 437 585 544 536 402 470 443 466 528 
505 639 350 437 590 546 536 402 463 444 462 528 
505 640 356 439 595 546 536 402 459 444 457 529 
505 640 361 436 602 546 536 402 453 444 450 528 
506 640 368 439 608 546 535 401 446 444 445 529 
506 641 374 436 613 546 535 400 440 444 440 529 
506 640 382 441 619 546 536 400 434 444 435 529 
506 641 386 435 625 546 535 400 430 444 428 529 
505 641 396 437 632 546 535 400 421 444 424 529 
503 642 401 436 637 547 535 399 417 444 416 529 
503 643 408 435 639 547 536 399 408 444 415 529 
502 643 417 435 640 547 535 399 401 445 415 529 
505 644 425 436 640 547 535 399 394 444 415 528 
503 644 431 439 639 546 535 399 387 444 415 528 
503 643 436 437 639 547 535 399 380 444 415 528 
503 643 441 436 639 546 536 399 375 444 414 529 
503 643 447 436 639 547 535 399 370 444 415 529 
503 643 452 436 639 547 535 399 363 445 414 529 
503 643 454 437 639 547 535 399 355 444 415 529 
503 642 454 440 636 551 535 402 355 440 419 522 
505 638 455 445 632 556 535 406 355 434 425 517 
505 633 455 449 626 561 535 411 355 429 431 512 
505 629 455 452 622 566 535 415 355 428 435 508 
506 625 455 453 617 571 536 418 355 428 442 502 
506 621 455 453 612 576 535 426 354 428 448 497 
505 616 455 452 608 583 535 432 354 429 451 492 
506 612 455 452 604 587 535 436 354 428 460 488 
505 606 455 452 598 592 535 441 355 429 461 482 
505 601 455 452 594 596 535 447 355 428 466 478 
505 595 455 453 589 600 535 452 355 428 473 472 
505 589 455 453 583 605 535 458 355 428 478 468 
505 583 455 453 578 610 535 463 355 429 480 463 
505 577 455 453 573 614 535 469 355 429 488 457 
505 572 455 453 567 620 535 474 355 428 494 453 
505 566 455 452 561 624 534 479 355 428 496 447 
505 561 455 453 556 629 535 486 355 429 500 441 
505 554 455 452 549 636 534 492 355 428 508 435 
505 549 455 452 543 641 535 498 356 428 515 429 
505 544 455 453 537 648 535 506 356 428 518 422 
505 537 455 453 529 656 535 511 356 429 528 416 
505 531 455 453 525 662 534 519 356 428 535 410 
505 524 455 453 517 668 534 523 356 428 536 403 
505 521 455 453 512 674 534 524 356 428 545 397 
503 517 454 453 503 680 535 525 358 429 551 391 
503 516 454 455 498 685 534 525 358 428 557 384 
505 515 453 453 492 691 534 525 359 428 563 377 
503 515 453 452 485 697 534 526 358 428 569 369 
503 515 453 452 480 701 534 526 358 428 574 366 
503 515 453 453 472 709 535 526 358 428 581 359 
503 516 455 453 467 715 534 526 358 428 586 354 
503 516 453 452 461 721 534 526 358 428 593 351 
503 516 453 453 455 726 534 526 356 428 599 351 
503 516 453 452 450 725 534 525 358 428 604 351 
503 516 453 452 444 725 534 525 356 429 609 351 
503 516 454 453 437 725 534 525 356 428 618 352 
505 514 454 452 432 722 534 528 356 431 623 356 
505 511 454 444 427 717 534 533 356 443 630 362 
503 507 455 440 422 710 534 538 356 444 634 369 
503 501 454 435 415 705 534 544 356 444 639 375 
503 494 455 436 412 701 534 550 355 444 646 379 
503 487 454 436 404 693 534 555 356 443 651 388 
505 481 454 439 397 688 534 563 356 445 657 392 
503 476 452 436 393 682 534 568 356 442 662 397 
503 468 453 436 393 678 534 573 358 444 662 403 
503 465 453 437 393 671 534 580 358 445 661 410 
501 460 453 437 393 666 534 585 358 444 660 415 
503 454 452 439 393 661 534 592 359 445 661 418 
503 448 452 437 392 655 534 597 359 444 661 426 
503 442 452 437 392 649 534 604 359 444 661 432 
502 437 452 437 392 643 534 609 359 444 661 436 
502 432 452 437 392 638 534 616 359 446 660 440 
505 428 452 437 392 633 536 620 359 446 659 445 
503 424 453 439 393 628 536 622 358 446 661 454 
505 418 452 437 390 622 536 630 359 446 661 454 
503 413 452 437 391 617 537 635 358 446 662 461 
503 406 453 436 391 611 536 640 358 446 660 469 
503 403 453 436 391 605 536 644 355 445 662 473 
503 397 452 436 391 600 536 647 360 445 661 479 
503 391 452 436 391 596 535 647 358 444 661 486 
503 393 452 436 391 590 535 649 358 444 661 491 
505 393 452 436 392 584 536 647 359 445 662 498 
505 391 452 436 391 579 536 649 358 445 662 503 
503 391 452 436 391 573 536 649 359 445 662 509 
503 391 452 437 391 569 536 649 359 445 662 515 
503 393 452 437 391 564 536 649 359 445 662 520 
503 391 452 437 391 557 536 649 359 445 662 526 
503 393 452 437 391 550 536 649 359 445 662 529 
501 395 448 437 395 545 539 645 363 445 658 530 
496 401 442 436 400 545 543 641 370 445 653 530 
492 405 436 436 405 545 549 635 377 446 649 531 
491 412 432 436 410 545 550 630 381 446 646 531 
489 415 426 436 414 545 550 624 388 445 640 531 
489 419 421 436 418 544 550 619 393 446 634 532 
489 425 416 436 424 544 551 616 398 445 629 531 
489 429 411 436 427 545 551 608 404 446 622 531 
489 434 406 436 431 544 551 603 409 445 617 531 
488 441 400 436 437 544 551 597 414 445 610 531 
488 447 395 436 438 544 551 591 419 445 606 531 
488 451 390 436 438 544 551 585 424 445 601 531 
488 457 385 436 442 544 551 580 430 445 596 531 
488 463 379 436 446 544 551 575 434 444 591 531 
488 467 374 436 446 544 551 568 439 444 585 531 
488 471 368 436 451 544 551 564 443 444 582 531 
488 475 364 436 456 544 551 557 448 445 574 531 
488 481 357 436 460 544 551 553 454 444 570 531 
488 486 352 436 466 544 551 548 459 443 564 531 
488 492 346 436 471 544 551 542 464 444 558 531 
489 497 341 436 477 544 551 536 469 444 552 531 
488 502 336 436 485 544 551 533 474 444 548 530 
488 507 330 436 494 544 551 527 480 444 543 530 
488 512 324 436 503 544 551 522 484 444 537 530 
488 518 319 436 513 544 551 516 489 446 537 530 
488 523 314 437 514 545 551 511 494 445 536 529 
488 527 309 437 516 545 551 506 500 445 535 529 
488 533 303 437 516 546 551 500 504 446 537 528 
488 536 300 437 517 547 551 497 508 446 535 529 
489 541 293 437 520 546 551 490 513 446 537 529 
488 545 288 437 518 547 551 485 520 446 535 528 
488 551 284 439 518 547 551 481 523 446 535 528 
488 555 278 439 518 546 551 476 528 446 535 528 
489 560 274 439 518 546 551 471 532 446 535 528 
489 565 274 437 518 546 551 465 536 446 535 528 
488 569 275 439 517 546 551 461 536 446 535 528 
488 573 275 439 514 546 551 457 536 446 536 528 
488 578 275 439 517 546 551 451 536 446 536 529 
488 582 274 437 516 546 551 445 536 445 537 530 
488 588 275 437 516 546 551 445 536 446 536 529 
488 594 275 437 516 545 551 445 536 446 536 529 
488 599 277 437 518 545 550 440 531 446 532 529 
497 604 283 437 523 544 542 435 526 446 529 530 
500 608 286 437 525 544 537 430 522 445 526 530 
502 611 292 437 528 544 537 426 517 446 522 530 
502 614 296 437 528 544 536 422 512 446 515 530 
502 622 302 436 533 544 536 416 507 446 510 530 
503 627 308 436 543 544 536 410 503 446 507 531 
503 633 312 436 551 545 536 405 497 446 500 530 
503 638 318 436 558 544 536 401 490 446 495 530 
505 640 324 436 563 546 536 401 491 446 489 530 
505 640 327 437 567 546 536 401 481 446 484 529 
503 639 333 436 573 546 536 401 481 446 479 529 
503 640 337 437 579 547 536 401 473 446 474 528 
503 639 342 439 583 546 536 402 470 446 471 529 
505 639 347 437 589 547 535 398 468 445 466 529 
501 639 350 434 591 546 533 402 464 444 460 529 
503 643 360 441 597 546 534 402 456 444 455 529 
507 643 363 439 604 548 537 398 455 444 450 529 
503 638 373 439 611 544 535 401 443 445 442 529 
503 640 378 439 619 547 535 400 438 444 436 528 
503 641 383 436 620 547 535 400 433 444 431 529 
505 640 391 439 628 546 535 400 426 444 425 529 
505 641 396 435 634 546 535 401 418 443 419 529 
505 641 404 436 638 546 535 400 415 444 415 529 
503 643 409 437 639 547 536 399 408 444 415 527 
502 643 416 435 639 547 536 398 402 444 414 529 
502 644 420 436 640 547 536 398 398 445 415 529 
503 643 426 436 640 547 536 398 394 445 415 529 
503 644 430 436 639 547 536 398 388 444 415 529 
503 644 435 437 639 547 536 398 383 444 415 529 
503 643 440 437 639 547 536 398 377 444 415 529 
503 643 445 436 639 546 535 399 371 446 415 529 
503 643 451 436 639 547 536 399 364 444 414 529 
503 643 454 437 639 547 535 399 356 444 415 529 
503 641 454 441 636 551 536 402 356 440 419 522 
506 638 455 444 632 556 536 405 355 436 424 517 
503 633 455 449 627 561 536 410 356 430 431 512 
505 629 455 452 623 566 535 415 354 428 436 507 
505 623 455 455 619 570 535 418 354 428 442 502 
505 618 455 453 613 576 535 424 355 428 446 498 
505 616 455 452 609 581 535 430 355 429 451 493 
505 611 455 452 605 585 535 436 355 428 456 489 
505 606 455 453 598 590 535 441 355 429 462 484 
505 601 455 453 595 595 535 445 355 428 465 479 
505 595 455 453 589 599 535 452 355 428 472 472 
505 588 455 453 583 604 536 457 355 428 475 468 
505 583 455 453 578 609 535 463 355 428 480 463 
505 578 455 453 573 613 535 467 355 428 486 459 
505 572 455 452 567 619 535 474 355 428 490 453 
505 566 455 455 562 624 535 479 355 429 497 447 
505 561 455 453 554 629 535 487 355 429 504 441 
505 555 455 453 548 636 535 494 355 428 507 433 
505 549 455 453 543 643 535 498 356 428 515 428 
505 544 455 455 538 648 535 504 355 428 522 423 
505 539 455 452 531 653 535 511 355 428 524 418 
505 533 455 452 526 660 535 516 356 428 531 411 
505 528 455 453 521 665 535 522 356 428 538 406 
505 522 454 453 514 670 535 524 356 428 543 401 
503 517 454 453 508 676 535 525 356 429 546 394 
503 516 454 453 502 681 534 525 358 428 552 389 
503 515 453 453 497 687 534 525 358 428 562 383 
503 515 453 453 491 691 534 526 360 429 563 378 
505 515 453 453 486 697 534 526 358 428 569 369 
503 515 453 452 481 702 534 526 359 428 574 366 
503 516 453 452 472 710 534 526 358 428 582 356 
503 515 455 453 466 716 534 526 359 428 588 352 
503 516 453 453 461 721 534 525 358 428 592 351 
503 516 453 453 456 726 534 526 356 428 597 351 
503 516 453 453 451 724 534 526 356 428 603 351 
502 516 454 452 445 725 534 525 358 429 608 351 
502 516 454 452 441 725 535 525 356 428 613 351 
503 516 453 453 436 725 534 525 356 428 618 351 
505 514 454 452 432 721 534 527 356 431 623 359 
505 511 454 445 426 717 534 534 358 442 629 362 
503 507 454 441 423 711 534 538 356 444 634 368 
503 501 455 435 415 705 535 544 356 444 639 375 
503 495 455 436 410 697 534 553 356 444 649 384 
503 484 454 437 400 691 534 561 356 445 654 388 
505 477 454 437 395 684 534 566 356 444 660 396 
505 469 452 437 392 679 534 573 358 445 661 402 
503 467 453 437 393 673 534 579 359 444 661 409 
501 460 453 436 392 666 535 585 358 444 661 414 
503 453 452 437 392 661 533 594 358 445 661 422 
502 448 452 436 392 654 533 598 358 444 660 425 
502 442 452 437 392 648 533 604 359 444 661 431 
502 437 452 437 392 643 533 609 359 445 664 435 
502 432 453 440 392 638 537 613 359 447 661 439 
507 429 453 436 391 632 536 619 359 446 659 446 
503 423 452 436 391 628 536 622 358 446 662 453 
505 418 452 437 392 622 537 630 358 446 660 454 
505 414 452 437 391 617 536 635 358 446 660 463 
503 406 452 437 392 611 535 640 358 446 662 470 
503 402 452 436 392 604 536 646 358 446 662 473 
503 395 453 437 391 600 535 647 358 445 662 481 
505 393 453 437 391 594 536 647 359 446 662 489 
505 391 452 437 391 588 536 649 358 445 661 492 
503 393 452 437 392 583 535 649 359 445 662 498 
503 391 452 436 391 577 536 649 359 445 662 503 
503 393 452 436 390 573 536 649 359 445 662 508 
502 391 452 436 391 569 535 649 359 445 662 514 
503 391 452 437 391 563 535 649 359 445 662 519 
503 391 452 437 391 560 536 649 359 446 662 526 
503 393 452 437 391 554 535 649 359 445 662 529 
503 391 452 437 392 546 536 649 359 445 662 530 
503 394 452 437 396 545 535 646 359 446 659 530 
503 400 452 436 400 545 536 643 359 445 654 530 
502 402 452 437 404 545 536 638 360 445 650 531 
502 405 451 437 409 545 536 634 360 445 647 531 
503 412 451 437 413 545 536 630 360 445 643 531 
505 415 451 437 417 545 536 627 360 445 642 531 
503 420 451 437 422 545 536 627 360 444 642 531 
503 425 451 437 426 545 536 622 360 445 641 531 
503 430 451 436 431 545 536 620 360 445 639 531 
503 437 451 437 438 545 536 618 360 444 639 531 
503 443 451 436 442 545 536 613 360 444 634 531 
503 449 451 436 450 544 536 607 360 444 629 531 
503 455 451 437 455 544 536 599 360 444 619 531 
505 461 451 437 461 544 536 591 360 444 609 531 
505 466 451 437 468 544 536 581 360 444 596 531 
505 473 451 437 475 545 536 568 360 444 580 531 
505 478 451 437 482 545 536 559 360 444 571 531 
505 484 451 436 487 545 536 556 360 444 566 531 
505 491 451 437 497 545 536 545 360 444 557 531 
505 498 451 437 501 545 535 540 360 444 551 531 
505 503 451 437 508 545 535 534 360 444 545 531 
505 509 451 437 514 545 536 529 360 444 541 531 
505 513 451 437 516 545 535 528 359 444 538 531 
