-

--------------------------------

[35.6647   36.9134   19.8044   -1.6420    0.4311]

[52 9.88 3 10]

[0.1900    3.0000   10.0000]

---------------------------------

[27.9404   32.0628   19.6787   -1.6327    0.4372]

[44 9.78 3.5 10.5]

[0.2223    3.5000   10.5000]

---------------------------------

[27.4321   32.0619   19.6767   -1.1263    0.4311]

[43.5 10.16 3.5 15]

[0.2336    3.5000   15.0000]

---------------------------------

[27.9247   32.0582   19.6611   -1.6386    0.4311]

[43.5 9.72 3 10.5]

[0.2234    3.0000   10.5000]

---------------------------------

[35.7194   34.6602   20.6923   -3.3617    1.4423]

[66.5 7.78 2 10]

[0.1170    2.0000   10.0000]

---------------------------------

[35.6647   34.6468   20.7601   -0.9493    2.1264]

[65.5 8.2 2 8]

[0.1252    2.0000    8.0000]

---------------------------------

[35.7194   36.9134   20.6767   -0.9493    0.4311]

[73 8.95 3 9]

[0.1226    3.0000    9.0000]

---------------------------------

[35.7194   36.9134   19.6767   -0.9493    1.4423]

[52 9.86 4 9]

[0.1896    4.0000    9.0000]

---------------------------------

[20.6195   22.1071   20.7601   -0.9493    2.1264]

[30 7.23 4 10]

[0.2410    4.0000   10.0000]

---------------------------------

[35.6647   33.5843   20.6767   -3.3744    0.4311]

[63 7.93 3.5 6]

[0.1259    3.5000    6.0000]

---------------------------------

[35.7194   22.1071   20.7601   -0.9493    2.1264]

[32 8.26 4.5 7]

[0.2581    4.5000    7.0000]

---------------------------------

[20.6195   22.1071   19.6661   -3.3744    1.3755]

[22 9.15 5 9]

[0.4159    5.0000    9.0000]

---------------------------------

[35.7194   34.6468   19.6767   -3.3744    0.4311]

[49 9.92 3 9]

[0.2024    3.0000    9.0000]

---------------------------------

[27.4247   36.9134   19.6767   -1.1420    0.4311]

[0 inf inf inf]
[Inf   Inf   Inf]

   ---------------------------------

[24.2487   36.7098   20.7601   -2.0719    1.3755]

[0 inf inf inf]
[Inf   Inf   Inf]

   ---------------------------------

[24.2487   36.7098   20.7601   -2.0719    2.1264]

[0 inf inf inf]
[Inf   Inf   Inf]

   ---------------------------------

[27.9325   32.0582   19.8044   -1.6420    0.4311]

[46 9.57 4 11]

[0.2080    4.0000   11.0000]

---------------------------------

[24.2487   36.7098   19.6822   -2.0701    0.4389]

[0 inf inf inf]
[Inf   Inf   Inf]

   ---------------------------------

[35.7116   34.6491   20.6767   -3.3744    1.4311]

[75.5 8.12 2.5 9.5]

[0.1075    2.5000    9.5000]

---------------------------------

[35.7220   34.6615   20.6994   -3.3611    1.4501]

[0 inf inf inf]
[Inf   Inf   Inf]

   ---------------------------------

[35.6647   36.9134   19.6767   -1.6420    0.4311]

[53 9.95 4.5 10]

[0.1877    4.5000   10.0000]

---------------------------------

[20.6195   22.1071   19.2448   -2.0719    2.1264]

[22 10.68 5 10]

[0.4855    5.0000   10.0000]

---------------------------------

[24.2487   32.0582   19.8044   -1.6420    0.4311]

[49 9.72 3.5 8]

[0.1984    3.5000    8.0000]

---------------------------------

[27.4247   32.0582   19.8044   -1.6420    0.4311]

[0 inf inf inf]
[Inf   Inf   Inf]

   ---------------------------------

[20.6195   22.1071   20.7601   -3.3617    2.1264]

[43 6.50 2 5]

[0.1512    2.0000    5.0000]

---------------------------------

[27.9247   36.9134   19.6767   -0.9493    0.4311]

[55 10.03 3.5 0]

[0.1824    3.5000         0]

---------------------------------

[35.6647   36.9134   19.6767   -0.9493    0.4311]

[0 INF inf inf inf]
[Inf   Inf   Inf]

   ---------------------------------

[35.7194   34.6602   20.6923   -3.3744    0.4311]

[0 inf inf inf]
[Inf   Inf   Inf]

   ---------------------------------

[27.9247   32.0582   19.8044   -1.6420    0.4311]

[57 9.62 3 2]

[0.1688    3.0000    2.0000]

---------------------------------

[35.7194   36.7098   20.6767   -3.3744    1.4311]

[0 inf inf inf]
[Inf   Inf   Inf]

   ---------------------------------

[35.6647   22.1071   19.6767   -0.9493    0.4311]

[24 10.45 4.5 3.5]

[0.4354    4.5000    3.5000]

---------------------------------

[24.2447   36.7136   19.2448   -2.0719    1.3755]

[0 inf inf inf]
[Inf   Inf   Inf]

   ---------------------------------

[35.7194   34.6507   20.6767   -3.3744    1.4330]

[0 inf inf inf]
[Inf   Inf   Inf]

   ---------------------------------

[35.7194   34.6468   20.6767   -3.3744    1.4272]

[71 9.07 4 11.5]

[0.1277    4.0000   11.5000]

---------------------------------

[35.7194   34.6468   20.6806   -3.3744    1.4311]

[71 8.58 4 12]

[0.1208    4.0000   12.0000]

---------------------------------

[35.6647   36.9134   20.7601   -0.9493    0.4311]

[73 10.36 4.5 6]

[0.1419    4.5000    6.0000]

---------------------------------

[20.6195   22.1071   19.6767   -0.9493    0.4311]

[24 9.66 4.5 8]

[0.4025    4.5000    8.0000]

---------------------------------

[35.7194   34.6468   20.6767   -3.3744    1.4423]

[80 8.20 2.5 8]

[0.1025    2.5000    8.0000]

---------------------------------

[20.6195   32.0582   20.7601   -0.9493    0.4311]

[43.5 7.62 3 8]

[0.1752    3.0000    8.0000]

---------------------------------

[20.6195   34.6468   20.7601   -0.9493    2.1264]

[38 7.85 3 0]

[0.2066    3.0000         0]

---------------------------------

[35.7194   34.6468   20.6767   -3.3744    1.4311]

[80 8.32 2.5 9.5]

[0.1040    2.5000    9.5000]

---------------------------------

[37.2660   30.7648   19.8044   -3.2363    0.4311]

[50.5 10.18 4 5]

[0.2016    4.0000    5.0000]

---------------------------------

[20.6195   22.1071   19.8044   -1.6420    2.1264]

[29.5 9.33 4.5 1.5]

[0.3163    4.5000    1.5000]

---------------------------------

[35.7194   34.6468   20.6923   -3.3617    1.4311]

[75 7.9 3 9]

[0.1053    3.0000    9.0000]

---------------------------------

[27.9247   32.0582   19.6767   -0.9493    0.4311]

[50.5 9.75 4.5 46.5]

[0.1931    4.5000   46.5000]

---------------------------------

[24.2487   36.7098   19.8044   -2.0719    0.4311]

[9.63 inf inf inf]
[Inf   Inf   Inf]

   ---------------------------------

[35.7243   34.6390   20.6820   -3.3744    1.4383]

[0 inf inf inf]
[Inf   Inf   Inf]

   ---------------------------------

[20.6216   22.1071   20.7601   -0.9427    2.1342]

[32 7.25 4.5 9]

[0.2266    4.5000    9.0000]

---------------------------------

[35.7116   34.6503   20.6777   -3.3677    1.4363]

[0 inf inf inf]
[Inf   Inf   Inf]

   ---------------------------------

[35.6649   36.9134   19.6689   -0.9486    0.4311]

[0 inf inf inf]
[Inf   Inf   Inf]

   ---------------------------------

[27.9247   34.6468   19.8044   -3.3744    1.4311]

[60.5 8.7 4 14.5]

[0.1438    4.0000   14.5000]

---------------------------------

[20.6195   22.1071   20.7601   -0.9493    2.1264]

[33.5 6.81 4 9]

[0.2033    4.0000    9.0000]

---------------------------------

[35.7194   34.6468   20.6767   -3.3744    1.4423]

[76 7.4 2.5 2.5]

[0.0974    2.5000    2.5000]

---------------------------------

[20.6195   34.6468   20.7601   -0.9493    2.1264]

[39 7.45 4 1.5]

[0.1910    4.0000    1.5000]

---------------------------------

[20.6195   22.1071   19.6661   -3.3744    1.1618]

[22.5 9.35 4.5 4]

[0.4156    4.5000    4.0000]

---------------------------------

[27.9247   34.6468   19.6767   -3.3744    1.4423]

[66 9.16 3 3.5]

[0.1388    3.0000    3.5000]

---------------------------------

[35.6647   34.6468   20.6767   -3.3744    0.4311]

[79 8.62 3 3.5]

[0.1091    3.0000    3.5000]

---------------------------------

[20.6195   22.1071   20.7601   -0.9493    2.1264]

[33 6.8 4 10]

[0.2061    4.0000   10.0000]

---------------------------------

[27.9247   34.6468   20.6767   -1.6420    0.4311]

[0 inf inf inf]
[Inf   Inf   Inf]

   ---------------------------------

[27.4247   34.6468   19.6767   -0.9493    0.4311]

[0 inf inf inf]
[Inf   Inf   Inf]

   ---------------------------------

[27.4247   34.6468   20.6767   -1.1420    0.4311]

[0 inf inf inf]
[Inf   Inf   Inf]

   ---------------------------------

[27.9247   36.9134   19.6767   -0.9493    0.4350]

[0 inf inf inf]
[Inf   Inf   Inf]

   ---------------------------------

[20.6197   22.1071   20.7640   -0.9493    2.1264]

[33 7.18 4.75 10]

[0.2176    4.7500   10.0000]

---------------------------------

[35.7194   34.6468   20.6770   -3.3730    1.4462]

[76 7.52 2.75 7.5]

[0.0989    2.7500    7.5000]

---------------------------------

[35.7198   34.6492   20.6794   -3.3740    1.4462]

[0 inf inf inf]
[Inf   Inf   Inf]

   ---------------------------------

[35.6647   36.9134   19.8044   -1.6420    0.4311]

[0 inf inf inf]
[Inf   Inf   Inf]

   ---------------------------------

[35.7194   34.6468   20.6767   -3.3744    1.4311]

[70 7.56 3 4]

[0.1080    3.0000    4.0000]

---------------------------------

[27.9247   32.0582   19.8044   -1.6420    0.4311]

[52 9.45 3.5 10]

[0.1817    3.5000   10.0000]

---------------------------------

[20.6195   22.1071   20.6767   -0.9493    0.4311]

[34 7.28 4 10]

[0.2141    4.0000   10.0000]

---------------------------------

[20.6195   34.6468   20.6767   -0.9493    1.4423]

[38.5 7.6 3.5 4]

[0.1974    3.5000    4.0000]

---------------------------------

[27.9247   34.6468   19.6767   -3.3744    1.4423]

[65.5 9.26 2 2]

[0.1414    2.0000    2.0000]

---------------------------------

[27.9247   32.0582   19.8044   -1.6420    0.4311]

[54.5 9.56 3 4]

[0.1754    3.0000    4.0000]

---------------------------------

[20.6195   32.0582   20.7601   -1.6420    2.1264]

[44.5 7.65 3 4]

[0.1719    3.0000    4.0000]

---------------------------------

[20.6195   22.1071   19.6767   -0.9493    0.4311]

[25.5 9.9 4.75 8]

[0.3882    4.7500    8.0000]

---------------------------------

[27.4247   32.0582   19.6767   -1.1420    0.4311]

[0 inf inf inf]
[Inf   Inf   Inf]

   ---------------------------------

[35.7194   34.6468   20.6767   -3.3744    1.4423]

[71 7.75 2.75 6]

[0.1092    2.7500    6.0000]

---------------------------------

[35.6651   36.9134   19.6787   -0.9493    0.4322]

[0 inf inf inf]
[Inf   Inf   Inf]

   ---------------------------------

[35.7200   34.6476   20.6747   -3.3744    1.4433]

[0 inf inf inf]
[Inf   Inf   Inf]

   ---------------------------------

[27.4252   32.0582   19.6767   -1.1420    0.4291]

[0 inf inf inf]
[Inf   Inf   Inf]

   ---------------------------------

[27.9247   32.0562   19.6767   -1.6420    0.4311]

[52 9.12 3.25 12]

[0.1754    3.2500   12.0000]

---------------------------------

[35.6647   36.9134   19.6767   -0.9493    0.4311]

[0 inf inf inf]
[Inf   Inf   Inf]

   ---------------------------------

[35.6647   34.6468   19.6767   -0.9493    0.4311]

[0 inf inf inf]
[Inf   Inf   Inf]

   ---------------------------------

[27.9247   32.0582   19.8044   -0.9493    0.4311]

[52 9.69 3.5 13]

[0.1863    3.5000   13.0000]

---------------------------------

[35.7194   34.6468   20.6767   -3.3744    1.4423]

[78.5 7.45 2.5 0]

[0.0949    2.5000         0]

---------------------------------

[27.4247   34.6468   19.6767   -1.1420    1.4423]

[0 inf inf inf]
[Inf   Inf   Inf]

   ---------------------------------

[35.7194   36.9134   19.6767   -3.3744    1.4423]

[0 inf inf inf]
[Inf   Inf   Inf]

   ---------------------------------

[35.7194   34.6468   20.6767   -3.3744    1.4423]

[73 7.56 2.75 5]

[0.1036    2.7500    5.0000]

---------------------------------

[35.6647   32.0582   19.6767   -0.9493    0.4311]

[0 inf inf inf]
[Inf   Inf   Inf]

   ---------------------------------

[27.9247   32.0582   20.6767   -1.6420    0.4311]

[60 8.03 3.25 7.5]

[0.1338    3.2500    7.5000]

---------------------------------

[35.6647   34.6468   20.6767   -3.3744    1.4423]

[73.5 7.79 2.5 0]

[0.1060    2.5000         0]

---------------------------------

[27.9247   32.0582   19.8044   -1.6420    0.4311]

[52 9.58 3.75 17]

[0.1842    3.7500   17.0000]

---------------------------------

[35.7194   34.6468   20.6767   -3.3744    1.4433]

[0 inf inf inf]
[Inf   Inf   Inf]

   ---------------------------------

[35.6637   36.9134   19.6767   -0.9493    0.4311]

[0 inf inf inf]
[Inf   Inf   Inf]

   ---------------------------------

[37.2651   30.7650   17.5127   -3.2362    3.9308]

[0 inf inf inf]
[Inf   Inf   Inf]

   ---------------------------------

[20.6200   36.9124   19.6770   -1.6415    0.4311]

[0 inf inf inf]
[Inf   Inf   Inf]

   ---------------------------------

[35.6647   36.9134   19.6767   -3.3744    0.4311]

[0 inf inf inf]
[Inf   Inf   Inf]

   ---------------------------------

[20.6195   36.9134   19.6767   -0.9493    2.1264]

[0 inf inf inf]
[Inf   Inf   Inf]

   ---------------------------------

[24.2487   36.7098   19.2448   -2.0719    1.3755]

[0 inf inf inf]
[Inf   Inf   Inf]

   ---------------------------------

[35.7194   34.6468   20.6767   -3.3744    1.4423]

[0 inf inf inf]
[Inf   Inf   Inf]

   ---------------------------------

[20.6195   36.9134   19.6767   -1.6420    0.4311]

[0 inf inf inf]
[Inf   Inf   Inf]

   ---------------------------------

[35.6647   34.6468   19.6767   -0.9493    1.4311]

[0 inf inf inf]
[Inf   Inf   Inf]

   ---------------------------------

[35.6647   36.9134   19.8044   -0.9493    0.4311]

[0 inf inf inf]
[Inf   Inf   Inf]

   ---------------------------------

[35.6647   34.6468   20.6767   -3.3744    0.4311]

[0 inf inf inf]
[Inf   Inf   Inf]

   ---------------------------------

[35.7194   34.6468   20.6767   -3.3744    1.4423]

[0 inf inf inf]
[Inf   Inf   Inf]

   ---------------------------------

[27.4247   32.0582   20.6767   -3.3744    1.4311]

[0 inf inf inf]
[Inf   Inf   Inf]

   ---------------------------------

[27.4247   32.0582   20.6767   -3.3744    1.4311]

[0 inf inf inf]
[Inf   Inf   Inf]

   ---------------------------------

[35.7194   34.6468   20.6767   -3.3744    1.4418]

[0 inf inf inf]
[Inf   Inf   Inf]

   ---------------------------------

[27.9251   32.0582   19.8048   -1.6416    0.4306]

[0 inf inf inf]
[Inf   Inf   Inf]

   ---------------------------------

[20.6195   22.1076   20.7601   -0.9493    2.1264]

[26.5 6.93 4 3]

[0.2615    4.0000    3.0000]

---------------------------------

[35.7189   34.6470   20.6767   -3.3744    1.4424]

[0 inf inf inf]
[Inf   Inf   Inf]

   ---------------------------------

[35.6647   36.9134   20.6767   -0.9493    0.4311]

[70 8.39 4 1]

[0.1199    4.0000    1.0000]

---------------------------------

[35.7194   32.0582   20.6767   -3.3744    1.4423]

[61 8.6 4 7.5]

[0.1410    4.0000    7.5000]

---------------------------------

[27.4247   22.1071   19.6767   -1.1420    0.4311]

[0 inf inf inf]
[Inf   Inf   Inf]

   ---------------------------------

[24.2487   30.7648   19.2448   -2.0719    3.9307]

[31 10.35 4.75 4]

[0.3339    4.7500    4.0000]

---------------------------------

[35.7194   34.6468   20.6767   -3.3744    1.4423]

[68 8.12 3.75 6]

[0.1194    3.7500    6.0000]

---------------------------------

[35.7194   34.6468   20.6767   -0.9493    0.4311]

[62 8.31 3.25 4]

[0.1340    3.2500    4.0000]

---------------------------------

[35.7194   32.0582   19.8044   -3.3744    1.4311]

[47 10.13 3.5 4.5]

[0.2155    3.5000    4.5000]

---------------------------------

[20.6195   22.1071   20.6767   -3.3744    1.4423]

[28.5 7.05 3.75 1]

[0.2474    3.7500    1.0000]

---------------------------------

[20.6195   22.1076   20.6767   -3.3744    1.4423]

[26 6.88 3.75 0]

[0.2646    3.7500         0]

---------------------------------

[27.9247   32.0582   20.7601   -0.9493    2.1264]

[58 7.97 3.25 4]

[0.1374    3.2500    4.0000]

---------------------------------

[20.6195   36.9134   19.6767   -1.6420    0.4311]

[39.5 9.66 4.0 8]

[0.2446    4.0000    8.0000]

---------------------------------

[20.6195   32.0582   20.7601   -1.6417    2.1264]

[41.5 6.9 2.5 5]

[0.1663    2.5000    5.0000]

---------------------------------

[24.2487   36.7100   19.2446   -2.0719    1.3756]

[0 inf inf inf]
[Inf   Inf   Inf]

   ---------------------------------

[35.7194   34.6470   20.6767   -3.3743    1.4423]

[0 inf inf inf]
[Inf   Inf   Inf]

   ---------------------------------

[20.6195   32.0582   20.7601   -1.6417    2.1264]

[3.25 inf inf inf]
[Inf   Inf   Inf]

   ---------------------------------

[27.9247   32.0582   19.6767   -1.1420    0.4311]

[42 9.93 3.25 7.5]

[0.2364    3.2500    7.5000]

---------------------------------

[35.7194   34.6468   20.6767   -3.3744    0.4311]

[0 inf inf inf]
[Inf   Inf   Inf]

   ---------------------------------

[20.6195   32.0582   20.7601   -1.6420    0.4311]

[40 7.58 3.5 7]

[0.1895    3.5000    7.0000]

---------------------------------

[35.7194   36.7098   20.6767   -2.0719    1.3755]

[0 inf inf inf]
[Inf   Inf   Inf]

   ---------------------------------

[27.9247   34.6468   20.6767   -1.6420    0.4311]

[0 inf inf inf]
[Inf   Inf   Inf]

   ---------------------------------

[27.9247   32.0582   20.7601   -1.6420    2.1264]

[56 7.17 2 7]

[0.1280    2.0000    7.0000]

---------------------------------

[35.7194   32.0582   19.8044   -3.3744    0.4311]

[44 10. 3.5 6]

[0.2273    3.5000    6.0000]

---------------------------------

[35.7194   34.6468   20.6767   -3.3744    1.4311]

[0 inf inf inf]
[Inf   Inf   Inf]

   ---------------------------------

[27.4247   32.0582   19.6767   -1.6420    0.4311]

[0 inf inf inf]
[Inf   Inf   Inf]

   ---------------------------------

[35.7194   32.0582   19.6767   -3.3744    0.4311]

[40 10.7 4 2]

[0.2675    4.0000    2.0000]

---------------------------------

[24.2487   36.7098   19.2448   -2.0719    1.4311]

[0 inf inf inf]
[Inf   Inf   Inf]

   ---------------------------------

[35.7195   34.6468   20.6767   -3.3744    1.4312]

[0 inf inf inf]
[Inf   Inf   Inf]

   ---------------------------------

[35.7194   34.6468   20.6768   -3.3743    1.4312]

[0 inf inf inf]
[Inf   Inf   Inf]

   ---------------------------------

[27.4247   32.0582   19.6766   -1.1420    0.4311]

[0 inf inf inf]
[Inf   Inf   Inf]

   ---------------------------------

[20.6194   32.0582   20.7602   -1.6420    2.1265]

[0 inf inf inf]
[Inf   Inf   Inf]

   ---------------------------------

[27.9247   32.0582   19.6767   -1.1420    0.4311]

[0 inf inf inf]
[Inf   Inf   Inf]

   ---------------------------------

[35.7194   34.6468   20.6767   -3.3744    0.4311]

[0 inf inf inf]
[Inf   Inf   Inf]

   ---------------------------------

[35.7194   34.6468   20.6767   -3.3744    1.4311]

[71 7.09 2.5 1]

[0.0999    2.5000    1.0000]

---------------------------------

[27.9247   34.6468   20.6767   -3.3744    0.4311]

[0 inf inf inf]
[Inf   Inf   Inf]

   ---------------------------------

[35.7194   34.6468   20.6767   -3.3744    1.4423]

[0 inf inf inf]
[Inf   Inf   Inf]

   ---------------------------------

[35.7194   32.0582   19.8044   -3.3744    1.4423]

[41 9.26 4 3.5]

[0.2259    4.0000    3.5000]

---------------------------------

[35.7194   34.6468   20.6767   -3.3744    1.4311]

[0 inf inf inf]
[Inf   Inf   Inf]

   ---------------------------------

[27.9247   32.0582   20.6767   -3.3744    0.4311]

[58 7.35 2 7]

[0.1267    2.0000    7.0000]

---------------------------------

[27.9247   32.0582   19.8044   -0.9493    2.1264]

[41 8.94 4 6.5]

[0.2180    4.0000    6.5000]

---------------------------------

[20.6195   22.1071   20.7601   -0.9493    2.1264]

[27 7 3.5 2]

[0.2593    3.5000    2.0000]

---------------------------------

[20.6195   32.0582   20.7601   -0.9493    2.1264]

[0 inf inf inf]
[Inf   Inf   Inf]

   ---------------------------------

[24.2488   36.7098   19.2449   -2.0718    1.3755]

[0 inf inf inf]
[Inf   Inf   Inf]

   ---------------------------------

[35.7194   34.6468   20.6768   -3.3744    1.4423]

[0 inf inf inf]
[Inf   Inf   Inf]

   ---------------------------------

[35.7194   34.6468   20.6767   -3.3743    1.4423]

[0 inf inf inf]
[Inf   Inf   Inf]

   ---------------------------------

[35.7195   34.6469   20.6767   -3.3745    1.4423]

[0 inf inf inf]
[Inf   Inf   Inf]

   ---------------------------------

[35.7194   34.6468   20.7601   -0.9493    1.4311]

[0 inf inf inf]
[Inf   Inf   Inf]

   ---------------------------------

[35.7194   34.6468   20.6767   -2.0719    1.4423]

[0 inf inf inf]
[Inf   Inf   Inf]

   ---------------------------------

[35.7194   30.7648   17.5121   -3.3744    1.4311]

[31 11.84 4.25 1]

[0.3819    4.2500    1.0000]

---------------------------------

[35.7194   32.0582   20.6767   -1.6420    1.4423]

[52 8.13 3.75 3]

[0.1563    3.7500    3.0000]

---------------------------------

[20.6195   32.0582   19.8044   -1.6420    0.4311]

[0 inf inf inf]
[Inf   Inf   Inf]

   ---------------------------------

[35.7194   34.6468   19.6767   -3.3744    0.4311]

[0 inf inf inf]
[Inf   Inf   Inf]

   ---------------------------------

[35.7194   34.6468   20.6767   -3.3744    1.4423]

[0 inf inf inf]
[Inf   Inf   Inf]

   ---------------------------------

[35.7194   34.6468   20.6767   -3.3744    1.4311]

[0 inf inf inf]
[Inf   Inf   Inf]

   ---------------------------------

[24.2487   36.7098   19.6767   -2.0719    1.3755]

[0 inf inf inf]
[Inf   Inf   Inf]

   ---------------------------------

[35.7194   34.6468   20.6767   -3.3744    1.4423]

[76 8.51 2.25 4.5]

[0.1120    2.2500    4.5000]

---------------------------------

[20.6195   22.1071   20.6767   -0.9493    2.1264]

[27.5 7.67 3.5 1]

[0.2789    3.5000    1.0000]

---------------------------------

[27.4248   32.0583   19.6767   -1.1418    0.4311]

[0 inf inf inf]
[Inf   Inf   Inf]

   ---------------------------------

[35.6647   34.6467   20.6767   -3.3744    0.4311]

[0 inf inf inf]
[Inf   Inf   Inf]

   ---------------------------------

[27.9247   32.0582   19.8044   -1.6419    0.4312]

[41.5 9.14 3.5 8]

[0.2202    3.5000    8.0000]

---------------------------------

[27.4248   32.0581   19.6767   -1.1419    0.4311]

[0 inf inf inf]
[Inf   Inf   Inf]

   ---------------------------------

[35.6647   34.6468   20.6767   -3.3744    1.4311]

[73 7.50 2 5]

[0.1027    2.0000    5.0000]

---------------------------------

[20.6195   36.7098   20.7601   -2.0719    1.3755]

[44 7.81 3.5 3]

[0.1775    3.5000    3.0000]

---------------------------------

[24.2487   32.0582   19.2448   -2.0719    1.3755]

[48.5 10.04 3.5 3]

[0.2070    3.5000    3.0000]

---------------------------------

[27.4247   32.0582   19.6767   -1.1420    0.4311]

[0 inf inf inf]
[Inf   Inf   Inf]

   ---------------------------------

[35.7194   34.6468   20.6767   -3.3744    1.4423]

[71 7.8 2.75 8]

[0.1099    2.7500    8.0000]

---------------------------------

[35.6647   34.6468   20.6767   -3.3744    0.4311]

[0 inf inf inf]
[Inf   Inf   Inf]

   ---------------------------------

[35.7194   34.6468   20.6767   -3.2363    1.4311]

[0 inf inf inf]
[Inf   Inf   Inf]

   ---------------------------------

[35.7194   34.6468   20.7601   -3.3744    1.4311]

[73 7.17 2.5 7.5]

[0.0982    2.5000    7.5000]

---------------------------------

[27.9247   34.6468   19.8044   -3.3744    0.4311]

[63 8.57 1.75 7]

[0.1360    1.7500    7.0000]

---------------------------------

[27.4247   34.6468   19.6767   -1.1420    0.4311]

[0 inf inf inf]
[Inf   Inf   Inf]

   ---------------------------------

[20.6195   22.1076   20.6767   -3.3744    1.4423]

[29 6.43 3 2.5]

[0.2217    3.0000    2.5000]

---------------------------------

[20.6194   22.1071   20.7601   -0.9493    2.1264]

[29.5 7.5 3.25 0]

[0.2542    3.2500         0]

---------------------------------

[35.7193   34.6469   20.6768   -3.3743    1.4423]

[66.5 7.86 2.5 6]

[0.1182    2.5000    6.0000]

---------------------------------

[35.6646   34.6468   20.6767   -3.3744    0.4312]

[0 inf inf inf]
[Inf   Inf   Inf]

   ---------------------------------

[27.9247   32.0582   19.6767   -1.6420    0.4312]

[58 9.54 2.25 3]

[0.1645    2.2500    3.0000]

---------------------------------

[27.9247   32.0582   19.6767   -1.6420    0.4311]

[58.5 9.22 1.5 1]

[0.1576    1.5000    1.0000]

---------------------------------

[35.7194   34.6468   20.6767   -3.3744    1.4423]

[79.5 7.60 2.5 3.5]

[0.0956    2.5000    3.5000]

---------------------------------

[35.7194   34.6468   19.8044   -3.3744    0.4311]

[68 9.86 3 2.5]

[0.1450    3.0000    2.5000]

---------------------------------

[20.6195   32.0582   19.8044   -1.6420    2.1264]

[40 9 3.5 15]

[0.2250    3.5000   15.0000]

---------------------------------

[35.7194   34.6468   20.6767   -3.3744    1.4311]

[67 7.53 2.25 2]

[0.1124    2.2500    2.0000]

---------------------------------

[27.9247   32.0582   19.2448   -2.0719    1.3755]

[37 9.67 3.75 6.5]

[0.2614    3.7500    6.5000]

---------------------------------

[27.9247   34.6468   19.6767   -1.6420    1.4423]

[45 9.46 3.5 10]

[0.2102    3.5000   10.0000]

---------------------------------

[20.6195   34.6468   20.6767   -3.3744    1.4423]

[39 7.52 3.5 1.5]

[0.1928    3.5000    1.5000]

---------------------------------

[35.7194   34.6468   20.6767   -3.3744    1.4311]

[0 inf inf inf]
[Inf   Inf   Inf]

   ---------------------------------

[35.7194   34.6468   20.7601   -0.9493    2.1264]

[0 inf inf inf]
[Inf   Inf   Inf]

   ---------------------------------

[27.9247   32.0582   20.6767   -1.6420    0.4311]

[52.5 7.37 2.75 2]

[0.1404    2.7500    2.0000]

---------------------------------

[35.7195   34.6468   20.6767   -3.3744    1.4311]

[0 inf inf inf]
[Inf   Inf   Inf]

   ---------------------------------

[35.7194   34.6468   20.6767   -3.3743    1.4424]

[64 7.05 2.5 2]

[0.1102    2.5000    2.0000]

---------------------------------

[20.6195   22.1072   20.7601   -0.9493    2.1264]

[22.5 6.30 4.75 4]

[0.2800    4.7500    4.0000]

---------------------------------

[35.7194   34.6467   20.6767   -3.3744    1.4311]

[0 inf inf inf]
[Inf   Inf   Inf]

   ---------------------------------

[35.7194   34.6468   20.6767   -3.3744    1.4423]

[0 inf inf inf]
[Inf   Inf   Inf]

   ---------------------------------

[27.9247   34.6468   19.6767   -3.3744    0.4311]

[49.5 9.07 2.5 2.5]

[0.1832    2.5000    2.5000]

---------------------------------

[35.7194   34.6468   20.6767   -3.3744    1.4423]

[0 inf inf inf]
[Inf   Inf   Inf]

   ---------------------------------

[35.7194   34.6468   20.6767   -1.6420    1.4311]

[0 inf inf inf]
[Inf   Inf   Inf]

   ---------------------------------

[35.7194   34.6468   20.6767   -0.9493    2.1264]

[0 inf inf inf]
[Inf   Inf   Inf]

   ---------------------------------

[24.2487   34.6468   19.2448   -2.0719    1.3755]

[40 11.91 4.75 8.5]

[0.2978    4.7500    8.5000]

---------------------------------

[35.7194   34.6468   20.7601   -3.3744    1.4311]

[70 7.58 2.75 0]

[0.1083    2.7500         0]

---------------------------------

[35.7194   34.6468   20.6767   -3.3744    1.4423]

[68 7.37 2.5 7]

[0.1084    2.5000    7.0000]

---------------------------------

[35.7194   36.7098   20.6767   -2.0719    1.4423]

[0 inf inf inf]
[Inf   Inf   Inf]

   ---------------------------------

[35.7194   34.6468   19.8044   -1.6420    1.4311]

[39 10.12 4 2]

[0.2595    4.0000    2.0000]

---------------------------------

[35.6647   34.6468   20.6767   -3.3744    2.1264]

[70 7.05 2.75 5]

[0.1007    2.7500    5.0000]

---------------------------------

[35.7194   34.6467   20.6767   -3.3744    1.4423]

[66.5 7 2.5 8]

[0.1053    2.5000    8.0000]

---------------------------------

[35.7194   34.6468   20.6768   -3.3743    1.4423]

[67 7.54 2.5 1]

[0.1125    2.5000    1.0000]

---------------------------------

[35.7195   34.6468   20.6768   -3.3744    1.4424]

[58.5 7.08 2.5 8.5]

[0.1210    2.5000    8.5000]

---------------------------------

[27.4248   32.0582   19.6767   -1.1421    0.4311]

[0 inf inf inf]
[Inf   Inf   Inf]

   ---------------------------------

[35.7194   34.6468   20.6767   -3.3744    1.4423]

[65 7.43 2.5 6]

[0.1143    2.5000    6.0000]

---------------------------------

[35.7194   34.6468   20.6767   -3.3744    1.4423]

[64 7.20 2.75 6.5]

[0.1125    2.7500    6.5000]

---------------------------------

[35.7194   34.6468   20.6767   -3.3744    1.4423]

[63 7.25 2.75 6]

[0.1151    2.7500    6.0000]

---------------------------------

[20.6195   34.6468   20.6767   -0.9493    2.1264]

[41.5 8.12 2.5 4]

[0.1957    2.5000    4.0000]

---------------------------------

[27.4247   34.6468   20.6767   -3.3744    0.4311]

[0 inf inf inf]
[Inf   Inf   Inf]

   ---------------------------------

[35.6647   34.6468   20.6767   -3.3744    2.1264]

[66.5 6.73 2.25 4]

[0.1012    2.2500    4.0000]

---------------------------------

[35.6647   34.6468   20.6767   -3.3744    2.1264]

[64 7.09 2.25 6]

[0.1108    2.2500    6.0000]

---------------------------------

[35.7194   22.1071   20.6767   -3.3744    2.1264]

[29.5 7.50 4 3.5]

[0.2542    4.0000    3.5000]

---------------------------------

[20.6195   32.0582   20.7601   -1.6420    2.1264]

[44 6.93 2.5 5]

[0.1575    2.5000    5.0000]

---------------------------------

[35.7194   34.6468   20.6767   -3.3744    1.4423]

[66.5 7.50 2.25 5.5]

[0.1128    2.2500    5.5000]

---------------------------------

[35.7194   34.6468   20.6767   -3.3744    1.4423]

[60 7.20 2.5 8.5]

[0.1200    2.5000    8.5000]

---------------------------------

[35.6648   34.6468   20.6767   -3.3744    2.1264]

[65.5 7.08 2.5 10]

[0.1081    2.5000   10.0000]

---------------------------------

[20.6196   22.1071   20.7601   -0.9493    2.1264]

[21 6.87 3.5 7.5]

[0.3271    3.5000    7.5000]

---------------------------------

[35.7194   34.6467   20.6767   -3.3743    1.4423]

[60 7.12 2.5 4.5]

[0.1187    2.5000    4.5000]

---------------------------------

[27.9247   32.0581   19.8045   -1.6420    0.4311]

[34 7.12 3.5 3.5]

[0.2094    3.5000    3.5000]

---------------------------------

[27.9247   34.6468   20.6767   -3.3744    0.4311]

[56 7.23 1.5 3.5]

[0.1291    1.5000    3.5000]

---------------------------------

[35.7194   34.6468   20.6767   -3.3744    1.4423]

[63 7.9 2.5 2.5]

[0.1254    2.5000    2.5000]

---------------------------------

[35.7194   34.6468   20.6767   -3.3744    1.4311]

[60 6.92 3.25 6]

[0.1153    3.2500    6.0000]

---------------------------------

[20.6195   34.6468   20.7601   -3.3744    0.4311]

[47.5 6.66 1 4.5]

[0.1402    1.0000    4.5000]

---------------------------------

[35.7194   34.6468   20.6767   -3.3744    1.4423]

[63.5 7.30 2.75 13]

[0.1150    2.7500   13.0000]

---------------------------------

[35.7194   22.1071   20.7601   -0.9493    2.1264]

[26 6.80 4.5 4.5]

[0.2615    4.5000    4.5000]

---------------------------------

[27.4247   32.0582   20.6767   -1.1420    1.4423]

[0 inf inf inf]
[Inf   Inf   Inf]

   ---------------------------------

[35.7194   34.6468   20.6767   -3.3744    1.4423]

[63.5 7 2.5 11.5]

[0.1102    2.5000   11.5000]

---------------------------------

[35.6647   32.0582   20.6767   -3.3744    0.4311]

[51.5 6.40 3 12]

[0.1243    3.0000   12.0000]

---------------------------------

[35.7194   22.1071   20.6767   -0.9493    2.1264]

[21.5 8 4.75 11]

[0.3721    4.7500   11.0000]

---------------------------------

[35.6647   34.6468   20.6767   -3.3744    0.4311]

[65 7.48 2.5 10]

[0.1151    2.5000   10.0000]

---------------------------------

[35.7195   34.6468   20.6766   -3.3743    1.4423]

[62 7.08 3.25 12.5]

[0.1142    3.2500   12.5000]

---------------------------------

[35.7195   34.6469   20.6768   -3.3745    1.4423]

[62 7.05 2.5 12]

[0.1137    2.5000   12.0000]

---------------------------------

[20.6196   22.1071   20.7601   -0.9493    2.1263]

[16.5 7.01 3 6.5]

[0.4248    3.0000    6.5000]

---------------------------------

[20.6195   22.1072   20.7601   -0.9493    2.1265]

[16.5 6.78 3 6]

[0.4109    3.0000    6.0000]

---------------------------------

[35.7194   34.6468   20.6767   -3.3744    1.4423]

[62.5 7.23 2.75 9]

[0.1157    2.7500    9.0000]

---------------------------------

[20.6195   34.6468   19.8044   -1.6420    0.4311]

[45 8.54
queda em z:
Cannot write to preference file "matlab.prf" in "/home/vitor/.matlab/R2017a".
Check file permissions.
Cannot write to preference file "matlab.prf" in "/home/vitor/.matlab/R2017a".
Check file permissions.
>> createfigure
Not enough input arguments.

Error in createfigure (line 33)
plot(X1,Y1,'Parent',subplot1,'Tag','gaplotdistance','Marker','.',...

>> createfigure
Not enough input arguments.

Error in createfigure (line 33)
plot(X1,Y1,'Parent',subplot1,'Tag','gaplotdistance','Marker','.',...

>> load('matlab.mat')
>> 3