503 515 453 437 517 546 535 526 358 445 536 529 
501 519 450 437 517 547 537 523 363 445 536 529 
496 526 442 436 517 546 542 515 371 445 536 530 
493 531 436 436 518 546 547 510 378 445 537 529 
492 536 431 437 517 546 545 504 385 446 537 529 
491 543 425 435 518 546 548 498 392 446 536 529 
492 548 418 435 517 546 548 489 398 446 537 529 
491 554 410 436 517 546 548 481 406 446 537 529 
491 561 404 436 516 545 548 475 414 445 537 530 
491 566 397 436 516 546 549 470 418 445 536 530 
491 573 392 436 516 546 551 463 424 446 537 530 
489 576 385 436 516 546 551 462 430 445 537 529 
489 580 378 436 516 546 551 462 434 445 537 529 
489 577 375 436 516 546 551 462 440 445 536 529 
489 579 369 437 516 546 551 462 445 445 536 529 
489 579 364 437 516 546 550 462 449 445 537 529 
489 579 357 437 516 546 551 462 455 445 536 529 
489 579 352 437 517 546 551 462 461 445 536 529 
489 579 346 437 517 546 551 462 465 445 536 529 
489 579 340 437 517 546 551 462 472 445 536 529 
489 579 335 436 517 546 551 462 477 445 536 529 
489 579 328 437 517 546 551 462 482 445 536 529 
489 579 322 437 517 546 550 462 488 445 536 529 
489 579 313 437 517 546 551 462 496 445 536 529 
492 583 320 437 523 546 544 457 489 445 530 530 
500 590 326 436 527 545 539 451 484 444 525 530 
507 594 332 437 532 546 536 445 477 443 518 530 
503 600 339 435 540 545 536 438 471 444 512 529 
503 606 345 436 546 546 536 432 466 444 508 530 
503 611 351 436 551 546 535 428 461 444 500 530 
503 617 357 436 558 546 536 421 457 444 494 529 
503 622 361 437 565 548 536 418 451 444 490 527 
503 625 368 436 569 547 536 418 446 443 483 529 
505 623 372 441 575 547 535 418 442 443 477 528 
505 623 377 435 577 544 535 418 436 444 474 528 
505 623 383 440 585 547 535 418 431 444 467 528 
505 623 390 435 590 547 535 418 423 444 461 529 
506 624 396 436 597 546 535 418 417 446 455 528 
506 623 404 439 604 546 535 418 411 444 449 529 
506 624 410 435 608 546 535 417 405 445 443 529 
506 627 416 439 612 546 535 415 398 444 441 529 
506 624 421 436 612 545 535 417 391 444 441 529 
506 625 428 437 613 549 536 416 386 445 442 529 
505 625 434 436 613 547 536 416 378 444 441 529 
503 623 440 436 613 547 535 416 372 444 441 529 
503 624 445 436 613 547 534 416 364 444 441 529 
503 624 453 436 613 547 534 416 356 443 441 529 
505 618 456 442 609 551 534 422 356 437 448 519 
505 614 453 447 604 557 535 426 356 433 453 516 
505 609 454 451 597 565 535 433 355 430 462 508 
506 605 454 452 592 569 534 437 355 430 465 502 
506 600 454 452 585 576 534 442 355 430 472 497 
505 595 455 452 580 583 534 448 355 430 479 492 
505 591 455 453 576 588 535 453 356 429 483 485 
506 586 455 452 571 592 535 460 355 429 489 481 
505 580 455 453 563 597 535 466 355 430 495 474 
505 572 455 453 557 604 535 474 355 429 502 468 
505 566 455 453 550 610 535 481 355 429 508 461 
505 560 455 453 544 617 535 488 355 429 515 454 
505 552 454 452 536 624 535 496 355 429 522 449 
505 546 454 453 529 629 535 501 355 429 526 441 
505 539 454 453 522 636 534 508 355 430 534 435 
505 535 455 453 516 641 535 516 355 429 539 428 
505 529 454 453 510 648 535 522 356 429 546 422 
503 522 454 453 502 654 534 524 356 429 552 416 
503 515 454 453 496 661 534 525 358 429 560 409 
505 515 451 452 489 668 535 526 360 429 566 401 
503 515 453 453 482 674 534 526 358 430 572 394 
503 515 452 453 475 681 534 528 358 429 580 389 
503 514 452 453 468 685 535 526 359 429 585 389 
503 515 452 455 461 685 534 527 359 429 592 389 
503 515 453 453 454 685 535 526 358 429 601 389 
502 512 453 452 450 682 535 530 358 434 605 397 
503 507 453 442 443 676 534 536 355 440 610 401 
505 504 454 441 438 670 535 541 358 446 616 408 
503 498 454 434 432 664 535 545 359 443 621 413 
505 492 454 437 426 659 535 552 356 444 629 419 
503 485 453 436 421 653 535 558 358 444 634 425 
505 479 453 437 415 647 535 564 356 445 639 432 
505 473 451 439 409 641 534 570 358 444 644 437 
503 468 453 436 406 636 534 577 360 444 644 445 
501 460 453 436 406 627 534 585 359 444 644 449 
503 455 452 436 408 622 533 592 358 444 644 456 
502 449 452 436 408 615 533 597 359 445 643 463 
502 443 452 436 408 610 533 604 359 444 644 468 
502 438 452 439 409 606 534 609 359 445 644 472 
507 435 453 439 409 600 536 613 359 446 644 477 
503 425 453 436 408 597 536 620 359 446 643 484 
503 421 452 436 406 588 537 622 359 446 644 489 
505 419 452 439 408 584 536 622 359 446 644 496 
505 419 452 437 408 579 536 622 358 446 644 501 
505 419 453 436 406 572 536 621 359 446 644 508 
503 419 452 436 408 567 536 622 358 446 643 511 
503 419 452 436 408 561 534 622 359 446 644 517 
501 419 452 437 408 557 535 622 359 445 644 525 
503 419 452 436 408 548 535 622 359 445 644 529 
500 421 449 437 411 544 538 619 364 445 639 529 
495 426 442 436 417 547 543 614 370 446 634 530 
489 432 437 437 423 545 548 609 377 446 631 530 
491 437 432 437 427 545 549 604 383 446 627 531 
491 439 427 437 431 546 549 598 388 446 621 530 
491 446 421 437 436 545 549 594 393 445 617 531 
491 449 417 437 439 544 549 589 398 445 611 531 
491 455 411 437 444 544 549 583 405 445 608 531 
489 460 406 436 449 544 550 577 410 445 601 531 
489 465 400 437 454 543 550 570 414 445 594 531 
489 470 396 437 459 544 550 565 419 445 589 531 
489 475 390 436 464 544 550 557 424 446 585 531 
487 481 385 436 470 544 550 553 429 445 580 531 
489 487 378 436 474 544 550 547 434 445 574 531 
489 492 374 437 482 545 550 541 440 445 567 531 
489 498 368 437 487 544 550 537 444 445 563 531 
489 503 364 436 494 544 550 533 449 446 556 530 
491 507 359 437 499 545 550 527 454 445 551 530 
489 512 352 437 506 545 550 522 459 445 545 530 
489 516 347 437 509 545 550 516 464 445 541 530 
489 521 341 437 515 545 550 512 468 446 537 529 
489 527 336 437 516 546 550 506 476 446 536 529 
489 533 330 437 516 546 550 500 481 446 536 529 
489 537 326 437 516 546 550 496 485 446 536 529 
489 542 320 437 517 547 550 489 489 446 536 529 
489 546 314 439 517 546 550 485 494 446 536 529 
489 551 313 437 516 546 550 479 497 446 536 529 
491 556 313 437 517 546 550 475 497 446 536 529 
489 561 314 437 516 545 550 470 497 446 536 529 
489 565 313 437 517 546 550 464 497 446 536 529 
489 571 314 437 517 545 550 462 497 446 536 529 
489 577 313 436 517 546 550 462 497 446 537 530 
489 581 317 436 518 545 550 459 492 446 532 530 
498 586 323 436 524 545 541 452 487 446 529 530 
501 590 327 436 527 545 537 448 482 446 524 530 
503 595 333 437 532 545 536 442 477 446 519 530 
503 600 338 437 539 544 536 437 472 446 513 530 
503 605 345 436 544 545 536 430 467 445 507 530 
505 612 352 436 550 545 536 425 461 446 500 531 
503 618 357 436 558 545 536 421 458 446 495 529 
503 623 363 436 563 546 536 417 449 446 488 529 
505 623 368 436 570 548 536 417 447 446 482 528 
505 623 373 439 576 546 536 417 440 446 476 528 
503 623 379 436 581 546 534 417 438 445 473 528 
501 623 384 436 585 543 534 418 432 445 468 529 
503 623 388 440 590 547 535 418 426 444 461 529 
503 622 395 435 595 546 534 418 421 444 457 529 
505 623 401 439 602 545 534 418 416 445 452 532 
503 623 406 436 608 547 534 418 410 444 446 528 
505 625 413 437 611 545 535 416 404 444 442 529 
505 623 418 436 612 546 534 417 398 444 440 527 
505 625 423 441 612 546 535 416 391 445 440 529 
505 625 430 434 612 546 536 416 386 445 441 528 
506 625 435 435 611 547 537 416 378 444 441 529 
505 625 442 435 612 546 535 416 371 444 441 529 
505 625 448 435 611 545 536 416 366 445 440 529 
505 624 453 436 611 546 535 416 356 444 441 528 
505 623 453 441 608 550 535 422 358 441 446 522 
505 619 454 445 603 556 535 425 358 435 450 516 
506 614 454 452 598 561 535 430 356 431 456 511 
506 610 454 455 593 566 535 435 355 430 461 507 
505 606 455 450 590 570 535 439 355 430 466 502 
505 602 455 452 585 575 536 445 356 429 471 497 
505 598 455 452 581 582 536 449 356 429 476 493 
505 594 455 452 576 586 536 453 356 429 481 488 
505 588 455 453 573 590 535 459 356 429 486 483 
505 583 455 455 567 595 535 462 356 430 492 479 
505 577 455 453 562 600 534 467 355 429 496 472 
505 572 455 452 557 604 534 476 355 429 504 467 
505 565 455 453 550 611 534 482 355 430 508 460 
505 559 455 452 543 617 534 490 355 430 515 454 
505 552 455 453 534 623 535 496 356 429 523 449 
505 547 454 453 528 628 535 502 356 429 526 441 
505 542 455 453 524 634 535 508 356 430 532 437 
505 536 454 452 517 639 535 513 356 429 538 432 
505 531 454 453 513 645 535 520 356 429 543 427 
505 526 454 453 507 650 535 524 356 429 546 421 
505 521 454 453 502 655 534 525 358 430 552 415 
505 516 454 453 496 661 534 525 359 429 558 410 
503 515 453 453 491 668 534 526 356 429 563 403 
505 515 452 453 484 673 534 526 358 430 570 397 
503 515 453 453 479 678 534 527 359 429 575 392 
503 514 453 453 472 683 534 526 358 429 581 388 
503 515 453 452 467 685 535 526 359 429 587 389 
503 516 453 453 461 685 535 526 358 429 592 389 
503 515 454 453 454 685 534 527 358 429 600 389 
503 514 453 452 450 681 535 529 358 434 605 397 
502 509 454 441 442 675 534 536 355 441 611 401 
505 504 454 441 438 671 535 541 358 446 614 408 
505 499 454 435 433 664 535 545 356 443 621 413 
505 494 454 436 428 660 534 552 356 444 627 418 
505 486 454 436 422 654 534 556 356 444 634 425 
505 480 453 436 416 648 534 563 358 444 639 429 
505 475 453 437 410 641 534 569 358 444 643 436 
505 468 452 437 408 637 534 576 361 444 644 441 
503 464 453 437 409 632 534 581 356 444 644 447 
501 459 453 437 409 625 534 589 358 445 643 453 
503 454 453 437 408 621 534 592 359 444 644 457 
502 448 452 437 408 615 534 597 358 444 644 463 
502 442 452 437 408 610 534 604 359 445 646 467 
503 438 453 440 408 605 535 609 359 446 644 471 
505 432 452 437 405 599 536 613 359 446 642 478 
505 427 452 436 406 595 536 618 358 446 644 483 
505 424 452 437 408 590 537 621 358 446 644 487 
503 419 452 437 408 586 536 621 358 446 644 494 
505 419 452 437 406 579 535 621 358 446 644 499 
503 419 453 437 408 573 535 621 358 446 644 505 
503 419 452 437 408 569 535 622 359 445 644 511 
503 419 453 437 408 563 535 621 358 445 644 515 
502 418 452 436 408 558 535 622 359 445 644 522 
503 418 452 437 408 554 535 622 359 446 644 527 
502 418 452 437 409 547 535 622 359 445 644 529 
502 420 452 437 410 545 535 619 359 445 640 529 
502 424 452 436 417 546 535 616 359 445 636 529 
503 428 452 437 421 546 535 611 359 445 631 530 
502 434 452 437 427 545 535 605 359 445 626 530 
502 439 451 436 431 546 535 600 360 445 622 530 
503 445 451 437 438 547 535 597 360 446 619 530 
506 448 451 437 442 545 536 592 360 445 613 531 
505 454 452 437 447 546 537 586 360 445 609 531 
505 459 451 437 453 546 537 582 360 445 604 531 
505 464 451 437 458 546 537 576 360 445 599 531 
505 470 452 437 464 546 537 569 360 445 591 532 
506 474 451 437 470 546 536 564 360 444 585 531 
505 480 451 437 475 546 534 557 360 444 580 531 
505 486 451 436 480 545 535 553 360 444 572 531 
505 491 451 436 485 546 535 547 360 444 567 530 
505 497 451 437 491 545 535 541 360 444 562 530 
505 503 452 437 497 546 535 534 360 445 556 530 
505 509 452 437 502 546 535 529 359 444 550 531 
505 515 452 436 508 545 535 528 359 444 545 530 
505 515 453 437 515 546 535 526 358 444 536 530 
