503 514 452 437 518 547 536 526 359 445 536 529 
498 520 447 437 518 546 541 519 369 444 536 529 
495 526 440 436 517 546 545 514 373 445 536 529 
487 534 433 437 517 546 551 506 381 445 537 529 
486 539 427 436 517 547 553 501 388 445 537 529 
484 545 423 435 517 546 553 496 393 446 537 530 
485 551 414 436 517 547 554 489 398 446 538 530 
485 555 410 436 516 546 554 483 406 446 537 530 
485 561 404 437 517 545 554 476 413 445 538 530 
485 565 397 437 516 546 554 471 417 446 537 530 
485 572 392 437 516 546 555 464 420 446 537 530 
484 576 388 436 516 546 555 459 429 445 537 530 
484 582 381 436 517 546 555 453 434 446 537 530 
484 587 375 436 516 548 555 453 439 445 537 530 
484 590 369 439 517 546 555 453 445 445 537 529 
484 586 364 437 517 546 555 453 449 445 537 529 
485 589 359 437 518 546 555 453 455 446 536 529 
484 587 351 437 517 546 555 453 461 445 536 529 
484 588 346 437 517 546 555 453 465 445 536 529 
484 590 339 437 517 546 555 453 471 445 537 529 
484 585 335 437 517 546 555 453 477 445 536 529 
484 588 329 437 518 546 555 453 482 445 536 529 
484 588 323 437 517 546 555 453 487 445 536 530 
484 588 317 436 518 546 555 453 492 445 536 529 
484 590 311 437 517 546 555 453 497 445 537 529 
484 586 306 436 517 546 555 453 503 445 537 530 
484 588 301 437 517 546 555 453 508 445 536 529 
485 588 293 436 517 546 555 453 513 445 536 529 
484 588 288 436 517 546 555 453 518 445 536 529 
484 590 283 436 517 546 555 453 525 445 536 529 
484 587 277 436 517 546 555 453 531 445 536 529 
485 588 272 436 518 546 555 453 536 445 536 529 
484 590 265 436 518 547 555 453 541 445 536 529 
484 585 260 436 518 547 555 453 546 445 536 528 
485 589 260 437 518 547 555 453 553 445 533 529 
485 589 264 436 523 547 552 452 548 445 532 529 
494 594 269 436 528 547 545 452 543 444 525 530 
500 589 276 437 532 547 542 452 538 444 522 529 
502 590 281 436 537 547 536 452 532 444 515 529 
505 593 287 436 543 546 535 452 527 443 509 529 
503 587 291 436 548 546 535 453 523 444 505 529 
505 590 299 439 553 546 534 453 518 444 499 529 
503 590 306 437 558 546 534 453 513 443 493 528 
503 589 305 439 563 544 534 453 509 443 490 528 
503 590 314 439 567 546 534 454 504 443 484 529 
503 590 319 439 573 546 534 453 496 443 479 528 
505 587 322 439 578 546 535 451 490 443 474 528 
505 589 329 435 585 546 535 452 488 443 467 528 
505 588 332 436 587 546 536 453 484 443 465 529 
505 588 339 437 586 546 536 453 478 444 465 529 
505 589 346 439 587 546 536 453 472 443 465 528 
505 589 350 435 587 546 535 453 468 444 465 529 
505 588 357 437 587 546 535 453 462 444 466 528 
506 589 363 436 588 546 535 453 456 444 465 529 
506 588 368 437 587 546 536 453 449 445 465 529 
506 589 373 436 587 546 535 453 445 444 466 528 
506 589 378 436 587 546 535 453 439 444 467 529 
506 589 385 437 587 546 535 452 435 444 466 529 
506 589 390 436 587 546 535 452 429 443 466 529 
506 589 396 437 586 546 535 453 423 444 466 530 
506 589 402 437 587 546 535 452 418 444 466 529 
506 589 408 437 587 546 535 453 413 444 467 530 
506 589 414 437 587 546 535 453 408 444 466 529 
505 590 419 437 587 546 536 451 401 445 466 529 
505 590 426 437 587 546 535 449 395 444 466 529 
505 592 431 437 587 546 535 451 388 444 466 528 
503 592 436 436 586 544 535 450 381 444 464 529 
503 593 442 439 587 547 536 450 377 444 466 529 
502 592 447 436 588 546 535 450 371 444 465 529 
503 592 454 436 586 546 536 450 363 444 465 529 
503 592 454 437 587 546 536 450 355 444 465 528 
506 590 454 441 583 550 535 454 358 439 471 523 
505 586 454 446 576 558 535 459 356 434 476 517 
505 582 454 450 572 561 535 464 356 429 482 511 
505 577 455 457 567 566 535 469 356 425 488 507 
506 571 455 458 562 570 535 474 356 424 494 501 
506 566 455 458 558 576 536 481 356 424 499 496 
506 560 455 458 553 583 535 486 356 425 502 491 
505 555 455 458 547 587 535 492 356 425 510 485 
505 550 455 457 542 593 535 498 356 425 515 480 
505 544 455 458 537 598 535 504 356 424 519 473 
505 539 454 458 531 603 535 508 356 424 527 469 
505 532 454 458 525 608 535 515 356 424 532 464 
505 529 454 458 518 613 535 520 356 424 537 458 
505 522 454 457 513 619 535 524 356 424 539 453 
505 518 454 457 508 623 535 525 358 424 548 447 
505 515 454 457 501 627 535 525 361 424 552 441 
505 515 453 458 497 635 534 527 358 424 557 437 
505 513 453 457 491 639 535 526 358 424 563 431 
503 515 453 457 486 645 535 527 359 424 568 427 
503 515 452 457 481 650 535 527 359 424 572 421 
503 514 452 458 474 655 534 527 359 424 578 415 
501 514 453 458 470 662 534 527 359 425 585 410 
503 515 453 457 464 666 535 527 359 425 591 404 
502 515 453 458 458 671 535 527 359 425 593 398 
505 514 452 458 454 677 535 527 359 425 597 392 
505 515 452 457 449 682 536 527 359 425 604 386 
505 514 452 458 444 688 536 527 359 425 608 380 
505 514 452 458 444 693 536 527 359 425 609 376 
506 514 452 458 444 698 536 527 359 424 608 369 
506 514 452 458 444 705 535 527 359 424 609 364 
505 514 452 458 444 709 536 527 359 424 611 359 
505 514 452 457 444 715 536 527 359 424 609 354 
505 514 452 458 444 720 536 527 359 425 609 347 
505 514 452 457 444 725 536 527 359 424 610 342 
505 514 452 457 444 732 536 527 359 424 610 336 
505 514 453 457 444 739 536 527 359 425 610 336 
505 511 453 457 442 737 536 531 359 428 610 339 
506 507 452 446 442 730 537 537 359 434 611 345 
506 502 452 445 442 724 536 542 359 440 610 351 
505 497 452 435 443 720 537 548 359 443 610 355 
505 493 452 440 442 713 537 554 359 444 610 361 
505 487 453 435 442 708 537 559 359 445 609 368 
503 481 453 440 442 704 537 565 359 444 608 371 
503 477 453 435 443 697 537 569 359 444 608 376 
503 471 453 439 442 692 537 575 359 445 608 378 
503 467 453 435 442 687 537 581 359 445 608 388 
503 460 453 437 442 681 537 585 359 445 608 394 
502 455 453 437 443 676 537 592 359 445 608 402 
502 453 452 436 442 671 537 596 359 445 609 409 
503 443 453 434 442 667 537 597 359 444 609 412 
505 446 453 435 442 661 537 596 358 444 609 419 
502 445 453 435 442 655 537 596 358 444 610 426 
503 445 453 435 442 649 537 596 356 445 609 431 
505 445 453 435 442 643 537 596 356 445 609 436 
503 445 453 435 441 638 537 596 358 445 610 441 
503 445 453 436 442 632 537 596 358 445 609 447 
505 445 453 436 441 625 536 596 358 445 610 453 
503 445 453 437 441 619 536 596 358 445 610 461 
505 445 453 437 441 611 536 596 359 445 611 466 
503 445 453 436 441 608 536 596 356 444 611 472 
503 446 455 437 441 603 536 596 358 445 611 479 
503 446 453 436 441 597 535 596 358 444 611 484 
503 446 453 437 442 593 535 596 358 444 610 487 
503 445 453 437 441 588 535 596 358 445 611 493 
503 446 453 436 441 584 536 596 358 445 609 498 
505 445 453 436 441 577 535 596 358 445 610 503 
505 446 453 437 442 572 535 596 358 445 610 510 
505 446 453 436 442 568 535 596 358 444 610 515 
503 446 453 436 442 563 535 596 358 444 610 520 
503 446 453 437 444 557 535 596 358 444 610 527 
505 446 453 436 442 550 535 596 359 444 610 528 
502 448 451 437 444 546 538 592 363 444 606 529 
497 453 444 436 452 546 543 587 369 445 603 529 
491 459 438 436 456 546 549 582 375 445 596 529 
485 464 434 436 463 546 554 577 381 445 590 530 
484 468 428 436 467 545 555 570 386 445 586 530 
485 473 423 436 471 545 555 567 392 445 582 530 
485 478 417 436 475 545 555 561 398 445 576 530 
485 482 413 436 480 545 555 555 403 444 572 530 
485 487 405 436 485 544 555 549 406 444 566 530 
484 492 400 436 491 544 556 542 415 445 561 530 
484 500 394 436 496 544 555 537 419 444 556 530 
484 503 388 436 501 544 555 531 425 445 550 530 
484 508 383 436 508 544 555 525 431 445 545 530 
484 514 377 437 514 544 555 521 436 445 538 530 
485 520 372 436 515 546 555 515 441 445 537 530 
484 526 365 437 516 546 555 509 446 445 536 529 
484 532 361 437 517 547 555 504 453 445 535 528 
484 536 354 436 520 546 555 498 457 445 535 528 
484 541 349 437 518 546 556 492 463 445 536 529 
484 548 343 439 518 547 555 487 468 445 535 528 
484 550 338 437 518 547 555 482 472 445 535 529 
484 557 331 439 518 547 555 476 478 445 534 528 
484 562 327 439 518 547 555 472 484 445 534 528 
484 563 321 439 518 547 555 465 489 445 535 528 
485 571 315 439 518 547 555 461 494 445 535 528 
484 576 310 436 518 547 555 457 501 445 534 528 
484 581 304 436 518 547 555 454 504 444 534 528 
484 587 300 436 518 547 555 454 510 445 535 529 
484 588 293 436 518 547 555 453 515 444 536 529 
485 589 288 436 518 547 556 453 518 444 536 528 
484 589 283 436 518 546 555 453 523 445 535 528 
484 588 278 436 518 547 555 453 530 445 535 529 
484 588 273 437 518 547 555 453 534 445 536 529 
484 591 268 437 518 547 555 453 540 445 535 529 
484 586 263 436 518 546 555 453 545 445 535 528 
484 589 260 437 518 547 555 453 550 445 536 528 
485 590 264 436 523 547 553 453 546 444 530 529 
493 589 269 436 527 547 547 452 542 444 525 529 
499 590 275 436 532 547 543 452 538 443 520 529 
501 590 281 436 536 547 537 453 532 444 515 528 
506 589 285 436 542 546 534 453 527 443 510 528 
503 592 291 436 545 546 535 453 523 443 506 528 
503 589 295 437 549 546 534 453 518 443 500 529 
505 589 299 440 554 546 534 453 514 443 495 528 
503 590 308 437 560 546 534 453 509 443 491 528 
503 589 310 437 565 546 534 454 504 443 485 528 
503 589 315 439 570 545 534 453 498 443 480 528 
505 589 320 437 575 546 535 453 493 444 476 528 
506 589 324 436 580 546 535 453 490 444 472 528 
506 589 330 437 586 546 535 453 484 444 466 528 
505 589 337 437 587 546 535 453 479 443 465 529 
505 589 342 437 587 546 535 453 472 444 466 529 
506 589 347 436 587 546 535 453 468 444 467 528 
506 589 352 437 587 546 536 453 462 444 465 528 
506 589 359 437 587 546 535 453 457 444 465 528 
506 589 365 437 587 546 535 453 451 444 466 528 
506 589 370 437 587 546 535 453 446 445 466 529 
506 590 376 437 587 546 535 453 441 444 466 529 
506 590 383 437 587 546 535 453 435 444 466 528 
505 590 388 437 587 546 535 453 431 444 465 529 
505 590 393 437 586 546 535 453 423 444 466 528 
506 590 399 437 587 546 535 452 419 444 466 529 
506 590 404 437 586 546 535 452 414 444 466 529 
506 591 411 437 587 546 535 452 408 444 465 528 
506 590 416 436 586 546 535 452 402 444 466 529 
506 591 420 436 587 546 535 452 397 444 466 529 
505 590 426 437 586 546 535 452 392 444 465 529 
506 590 431 436 587 546 535 452 385 444 465 529 
506 590 437 437 587 546 535 451 379 444 466 529 
506 590 444 437 587 546 535 451 373 444 466 529 
505 591 448 436 587 546 535 451 368 444 465 529 
506 592 454 437 587 546 535 452 356 444 466 528 
506 592 454 441 583 551 535 457 358 440 472 522 
505 587 455 442 576 554 535 459 356 434 476 517 
505 579 455 450 574 561 535 464 356 430 482 512 
505 576 455 456 567 565 535 467 356 424 489 508 
505 571 454 456 563 571 535 473 355 424 493 501 
505 566 455 457 560 576 535 479 356 425 498 497 
505 562 455 458 553 582 535 484 356 424 505 491 
505 556 455 458 547 586 535 489 355 424 507 486 
505 551 455 458 543 592 535 496 355 424 515 479 
505 545 455 458 537 597 535 501 355 425 522 475 
505 539 455 457 531 601 535 509 356 424 524 470 
505 533 454 458 526 607 535 515 356 424 531 464 
503 528 454 458 520 611 535 520 356 424 537 459 
503 523 454 458 514 618 535 526 358 424 541 454 
503 518 453 458 509 622 535 525 359 424 545 447 
503 515 453 457 502 626 535 526 358 425 552 442 
503 513 453 458 497 635 535 528 358 424 558 437 
503 515 453 458 491 640 535 526 358 425 562 431 
505 516 452 458 485 645 535 527 359 425 568 427 
503 514 452 459 481 650 535 527 359 424 574 421 
501 514 452 458 473 656 535 527 359 424 580 414 
503 514 452 458 468 662 535 527 359 424 586 408 
503 514 452 458 463 667 535 527 359 425 590 402 
506 514 452 458 457 673 536 527 359 425 597 396 
505 514 453 457 451 679 536 527 359 425 601 391 
505 514 452 458 447 684 536 527 359 425 606 384 
505 514 452 457 444 690 536 527 358 425 607 378 
505 513 452 459 444 695 536 527 359 425 608 369 
505 514 453 457 444 703 536 527 359 424 609 366 
505 514 452 457 444 707 536 527 359 424 609 360 
505 514 452 458 444 712 536 527 359 424 609 354 
505 514 453 458 444 718 536 527 359 424 611 350 
505 514 452 457 444 723 536 527 359 424 609 343 
505 514 452 457 444 730 536 527 359 425 609 338 
505 513 452 457 444 737 536 527 359 425 609 334 
505 511 452 457 442 733 537 531 359 428 609 339 
506 507 452 446 442 726 537 537 359 434 610 345 
506 502 452 443 443 722 537 541 359 439 609 350 
505 497 452 440 442 717 537 547 359 443 610 354 
505 493 452 437 442 712 537 553 359 444 609 361 
505 487 452 439 442 706 537 558 359 446 609 366 
503 484 453 436 442 701 537 564 359 445 608 369 
503 477 453 439 442 695 537 569 359 445 609 375 
501 472 453 435 442 690 537 573 359 445 608 379 
505 467 453 440 442 685 537 579 359 445 608 385 
502 465 453 435 442 680 537 584 359 445 608 393 
503 454 453 440 442 675 537 590 359 445 608 396 
502 455 453 435 442 669 537 595 359 445 608 404 
502 445 453 435 442 664 537 596 358 444 608 412 
507 445 453 434 442 660 537 596 359 444 609 418 
503 446 453 434 441 654 537 596 358 444 609 423 
503 443 453 434 442 648 537 596 358 445 610 428 
503 446 453 434 442 642 537 596 356 445 610 435 
503 443 453 435 442 637 537 596 356 445 610 441 
505 446 453 435 441 632 537 596 358 445 610 445 
505 445 453 436 441 626 537 596 358 445 611 453 
503 445 453 437 441 620 536 596 358 445 610 456 
505 446 453 437 441 614 536 596 358 445 610 463 
505 445 453 437 442 608 536 596 358 445 610 468 
503 445 453 437 441 604 536 596 358 445 610 473 
503 445 453 436 441 599 536 596 358 445 611 478 
503 445 453 436 441 596 536 596 358 445 612 484 
503 445 453 436 441 588 536 596 358 445 610 491 
503 445 453 436 443 584 536 595 356 445 610 494 
503 445 453 436 441 580 536 595 358 445 610 500 
503 445 453 436 442 573 536 596 359 445 610 506 
503 445 453 437 442 569 536 596 358 445 610 511 
503 445 453 436 442 564 536 596 356 445 610 516 
503 445 453 436 443 559 536 596 358 445 610 523 
503 445 453 436 442 554 536 596 358 445 610 527 
503 445 453 437 442 547 536 596 360 445 610 528 
503 448 453 437 445 546 536 592 358 445 606 529 
502 453 452 436 453 544 536 586 359 445 601 529 
502 457 452 436 457 546 536 582 359 445 594 531 
503 463 453 436 461 546 536 577 359 445 589 529 
503 468 452 436 468 545 536 571 359 445 586 530 
502 472 452 437 473 546 536 567 359 445 581 530 
503 477 452 436 479 545 536 562 359 445 576 530 
503 481 452 437 485 546 536 556 359 445 571 531 
506 487 452 437 491 545 536 550 359 444 566 531 
503 494 452 437 496 545 536 544 359 444 560 530 
505 499 452 437 501 546 536 539 359 444 553 531 
505 503 452 437 507 546 535 534 359 445 549 531 
505 509 452 437 513 545 535 529 359 444 544 530 
505 513 452 437 516 545 536 527 359 444 537 530 
