503 519 451 444 523 541 531 525 356 448 537 532 
501 520 450 444 523 541 535 522 362 448 537 532 
497 528 440 443 523 542 539 513 368 449 537 532 
492 534 435 443 524 541 543 510 375 449 538 533 
487 539 431 442 524 541 549 504 381 449 537 532 
480 545 426 442 523 542 557 498 386 450 538 533 
478 550 419 441 523 542 563 491 392 450 538 533 
477 552 413 442 523 541 564 486 400 450 538 533 
473 559 408 441 523 541 563 479 405 449 538 532 
474 565 401 443 521 541 563 474 412 449 538 532 
473 571 395 444 523 541 563 469 417 448 537 533 
474 576 390 446 523 541 563 469 423 448 537 532 
474 577 383 445 523 541 563 467 429 448 538 531 
473 577 377 445 523 541 563 467 434 447 536 531 
473 577 372 445 523 541 563 467 440 448 537 532 
474 577 365 445 523 541 563 467 445 448 537 532 
474 577 358 444 523 541 563 467 453 448 537 532 
473 577 351 443 524 542 563 467 457 448 537 532 
473 577 346 443 524 542 564 467 464 448 537 532 
473 576 339 443 523 542 563 467 470 448 537 532 
473 577 333 443 524 541 563 467 474 448 537 532 
474 577 326 443 524 542 564 467 482 448 537 532 
473 577 323 444 524 542 563 466 486 448 536 532 
474 581 326 444 527 541 561 463 480 447 532 532 
484 586 335 444 531 541 555 459 476 448 526 532 
487 590 338 443 538 541 549 452 468 447 518 532 
492 595 346 444 543 541 542 446 464 447 515 532 
502 602 351 446 549 540 537 441 458 447 509 532 
503 606 357 445 554 540 533 435 453 447 502 532 
503 612 363 445 560 541 533 428 447 447 498 532 
503 618 369 444 567 541 533 423 442 447 492 533 
503 623 375 444 573 543 533 417 436 447 486 532 
503 630 381 444 580 542 533 417 432 447 480 531 
505 628 386 441 581 541 531 417 426 448 475 531 
505 628 392 446 590 540 531 417 420 448 468 531 
505 627 399 442 595 541 531 417 414 448 466 532 
505 628 405 445 602 541 531 416 408 448 458 533 
505 627 413 443 608 541 531 416 400 448 451 532 
505 628 418 443 613 539 531 415 389 448 445 532 
505 629 426 444 619 543 531 415 386 449 441 534 
503 625 431 444 618 541 531 415 379 448 443 532 
503 628 436 443 618 542 531 415 375 447 442 533 
503 628 442 443 620 541 531 415 369 448 442 532 
503 628 447 443 618 541 531 415 363 447 442 530 
505 629 451 444 618 543 531 415 355 447 442 531 
503 624 451 446 615 546 531 418 356 445 447 527 
505 619 451 451 610 550 533 424 355 437 452 520 
505 614 451 457 605 556 531 428 355 434 457 516 
505 610 452 462 599 561 533 432 355 428 462 510 
506 606 452 467 595 566 531 437 354 423 467 505 
506 602 452 473 589 572 531 442 354 418 475 498 
506 596 453 474 583 579 531 448 354 417 481 493 
506 590 452 474 578 584 531 455 354 418 489 488 
505 584 453 474 572 591 531 462 354 418 494 480 
505 577 453 474 565 597 531 471 354 418 499 472 
505 572 452 474 560 602 530 476 354 418 506 468 
505 566 453 476 553 609 530 483 354 417 513 460 
505 559 453 475 546 614 531 488 354 418 517 455 
505 553 452 474 540 621 530 496 354 418 526 447 
503 547 453 475 532 626 530 502 354 417 531 443 
503 543 453 475 527 632 530 508 354 417 534 438 
503 538 452 475 521 636 530 514 354 417 541 432 
503 530 452 475 516 642 530 521 355 417 547 427 
503 526 452 474 510 647 530 523 355 417 552 421 
503 521 451 475 503 653 530 524 356 417 557 416 
503 519 449 475 498 659 530 524 358 418 563 410 
503 518 451 475 493 663 530 525 355 417 568 404 
503 518 451 475 487 670 530 525 356 418 572 405 
503 519 450 474 482 668 530 525 356 417 580 404 
503 518 451 476 475 669 530 525 356 417 585 404 
503 519 451 476 471 669 530 525 356 417 589 404 
503 519 451 474 464 669 530 525 356 417 596 404 
503 517 451 473 461 664 531 530 356 421 602 411 
503 511 453 462 455 659 530 535 355 430 606 416 
503 507 451 462 451 653 530 540 356 434 610 422 
503 503 451 452 444 648 530 544 355 440 617 427 
503 497 452 450 440 643 530 550 355 446 623 433 
505 492 452 445 433 637 530 554 355 449 628 439 
505 485 451 442 428 633 530 562 355 448 633 444 
505 479 449 447 423 626 530 567 355 446 639 447 
505 473 451 441 417 621 530 573 356 449 644 454 
505 467 452 443 414 617 530 579 356 449 646 461 
502 462 450 443 414 610 530 585 356 447 646 465 
503 457 450 443 415 605 530 591 358 450 646 470 
503 449 450 443 414 597 530 599 358 449 647 478 
503 443 451 445 414 591 531 607 358 448 649 483 
503 437 450 445 412 586 534 613 358 450 646 492 
505 432 450 444 413 582 531 617 358 450 646 498 
503 426 450 444 413 573 534 621 358 450 647 503 
503 424 450 444 414 568 533 620 358 449 646 511 
505 423 450 444 414 562 533 620 356 450 646 516 
503 423 450 444 414 557 531 621 358 449 646 522 
503 423 450 443 414 552 531 621 358 448 646 527 
502 423 450 444 414 544 533 621 358 449 647 533 
501 424 447 443 418 540 535 620 363 449 642 533 
495 429 441 444 423 541 539 614 369 450 639 533 
492 434 436 444 428 540 543 609 373 450 634 533 
487 438 431 443 431 541 551 604 379 450 629 534 
483 443 427 443 437 540 555 597 385 450 626 534 
477 448 421 443 440 540 562 594 389 449 621 534 
474 452 416 443 444 540 563 589 394 450 616 534 
474 458 412 443 449 541 563 582 400 450 609 534 
474 463 405 443 455 540 563 577 406 449 604 534 
474 468 400 443 459 539 563 570 411 448 599 534 
474 473 394 443 464 539 563 565 417 448 594 534 
473 479 390 443 469 539 563 558 421 449 588 534 
473 483 384 443 473 540 563 554 424 448 583 534 
473 488 378 443 480 539 563 548 432 448 577 534 
473 494 374 443 485 539 563 544 435 449 572 534 
473 499 369 444 491 539 563 539 440 449 567 534 
473 503 365 443 496 539 563 534 444 449 563 534 
473 508 359 444 501 540 563 530 448 449 557 534 
473 512 355 444 508 540 563 525 454 449 552 533 
473 515 349 444 512 540 563 521 458 449 548 533 
473 520 346 444 516 540 563 515 463 449 545 533 
473 526 340 444 522 540 563 512 467 449 539 533 
473 529 335 444 522 540 563 506 471 450 538 534 
474 534 330 444 522 541 563 500 478 449 538 532 
473 542 323 444 522 541 563 495 483 449 538 533 
473 546 322 445 522 541 563 490 486 449 538 533 
473 550 322 445 523 541 563 484 485 449 537 532 
473 555 323 444 522 541 563 479 485 449 537 532 
474 560 323 445 522 541 563 475 485 449 537 533 
473 566 323 444 522 541 563 470 485 449 538 532 
473 568 323 444 522 540 563 467 485 449 538 533 
473 576 323 442 522 541 563 469 485 449 538 533 
475 581 327 444 526 540 559 462 478 449 533 533 
483 585 332 444 529 541 553 459 473 449 530 533 
486 590 337 444 533 540 549 452 471 449 526 533 
493 595 343 445 540 540 542 446 464 450 519 533 
498 600 350 444 547 540 537 441 459 449 513 533 
503 605 356 444 551 540 533 436 453 449 508 533 
506 611 361 444 558 540 531 430 447 449 499 533 
503 618 368 444 565 540 533 424 442 449 494 532 
503 623 374 443 573 542 533 417 436 449 485 532 
505 628 379 444 577 541 533 417 431 450 482 530 
505 627 385 445 583 542 533 413 426 449 476 532 
502 628 390 444 589 541 530 416 422 447 471 531 
502 627 397 443 593 539 530 417 415 449 466 531 
505 628 403 446 603 542 533 413 408 448 458 532 
505 628 409 443 606 542 533 415 402 448 455 532 
505 628 415 444 611 540 531 415 396 448 447 532 
503 627 420 444 617 541 531 415 388 448 443 533 
503 628 426 444 619 540 533 415 385 448 442 532 
503 629 433 443 619 542 531 415 378 448 441 533 
502 628 439 443 619 542 531 417 371 448 442 532 
503 629 442 443 619 542 531 414 366 448 442 533 
503 628 450 443 619 542 531 415 358 448 442 531 
505 625 453 446 615 544 531 418 355 444 446 527 
503 621 451 451 610 551 531 423 355 440 451 520 
505 616 452 457 605 555 531 427 355 434 456 515 
505 610 452 463 598 562 531 432 355 427 463 509 
505 605 452 468 594 568 531 438 354 420 471 503 
505 600 452 474 588 573 531 442 354 416 476 498 
505 595 452 475 582 580 533 449 353 417 482 492 
505 590 452 474 576 586 531 458 353 417 490 486 
505 583 452 475 570 592 531 465 354 418 496 479 
503 576 452 475 563 597 531 471 353 417 501 471 
503 570 452 475 558 603 531 477 354 417 506 467 
503 565 452 475 550 608 531 484 354 417 512 461 
503 560 453 475 545 613 531 489 354 418 518 455 
503 554 452 475 541 619 531 494 354 417 523 449 
503 547 452 475 534 625 531 501 354 418 530 445 
503 543 452 475 527 631 531 507 354 417 536 439 
503 538 452 475 522 636 531 513 354 417 538 433 
503 531 452 475 517 641 531 519 354 417 546 427 
503 527 452 475 511 647 531 522 355 417 551 421 
503 522 452 475 502 653 531 523 355 417 556 415 
503 519 451 475 498 659 531 524 356 417 563 410 
503 517 451 475 492 664 531 524 356 417 570 403 
503 519 450 475 486 670 531 525 359 417 573 405 
503 519 451 475 481 668 530 525 356 417 581 404 
503 518 450 475 473 669 530 525 356 417 587 404 
503 519 451 475 464 669 531 525 356 418 595 404 
503 516 450 473 461 665 530 529 354 420 601 411 
503 512 452 464 456 661 530 533 355 429 606 416 
503 508 451 462 451 655 530 538 355 434 611 422 
503 504 452 453 445 649 530 543 355 437 616 427 
502 499 452 451 441 646 530 549 355 444 622 432 
503 493 452 444 435 638 531 554 355 451 628 438 
505 485 451 443 429 632 530 561 356 447 633 445 
503 478 448 446 421 625 531 568 356 448 640 451 
503 472 451 442 415 619 530 576 359 449 646 456 
503 467 450 443 414 614 531 582 355 448 644 463 
501 461 450 443 414 608 530 587 356 448 646 468 
502 455 450 444 414 604 530 593 356 448 646 472 
502 449 450 445 414 599 530 599 358 449 646 478 
503 446 450 445 414 593 534 606 358 451 646 482 
505 440 450 445 413 588 533 609 356 451 644 487 
505 436 450 442 414 583 531 613 356 444 646 498 
502 429 450 444 414 576 531 621 356 448 646 500 
503 425 450 445 414 571 535 621 358 449 647 507 
503 424 451 445 414 565 534 621 358 449 647 512 
503 423 451 444 414 561 534 621 358 449 646 517 
503 423 451 444 414 555 533 621 358 449 646 525 
503 423 450 444 415 549 533 621 356 449 646 529 
502 422 451 444 414 542 533 621 358 449 646 532 
503 425 450 444 418 541 533 617 358 449 641 533 
503 430 450 444 424 542 534 612 358 449 636 533 
502 434 450 444 430 540 533 607 359 449 631 533 
502 439 450 444 435 540 534 604 359 448 627 533 
503 445 449 444 440 540 534 598 359 448 623 534 
506 449 450 444 444 541 533 594 359 448 618 534 
505 454 449 445 449 541 534 590 359 448 613 534 
505 458 449 444 454 541 534 585 359 446 609 534 
505 464 449 444 460 541 533 581 359 447 603 534 
505 469 449 444 465 541 534 577 359 447 597 534 
505 475 449 444 470 540 533 571 359 448 591 534 
505 480 449 444 474 540 531 567 359 447 585 534 
505 485 449 444 480 541 531 562 359 447 580 534 
505 491 449 444 486 540 531 555 359 449 574 534 
505 496 449 444 492 540 531 549 359 448 570 534 
505 501 449 443 498 540 531 541 359 447 563 533 
505 507 449 444 505 541 531 534 359 448 557 534 
505 514 449 444 510 541 531 529 359 448 551 534 
506 519 450 443 516 541 531 527 358 448 543 533 
505 518 451 443 522 540 531 526 356 449 538 533 
