503 516 453 437 518 546 535 525 358 444 536 529 
501 520 448 439 518 546 538 522 366 444 536 529 
496 527 440 436 517 546 544 513 371 445 536 529 
491 531 437 436 518 547 549 509 378 445 536 529 
484 536 432 435 518 547 555 504 386 445 537 529 
477 543 423 435 518 547 564 496 392 446 537 530 
474 550 418 435 517 546 568 488 398 446 537 530 
474 554 411 436 517 546 567 481 405 446 537 529 
474 561 405 435 517 546 566 475 413 445 537 530 
473 566 397 436 517 546 567 470 418 444 537 530 
473 573 390 437 517 546 566 470 424 442 536 529 
474 568 383 436 516 546 566 470 431 444 536 530 
473 573 376 436 517 546 567 469 438 444 536 529 
473 570 370 436 517 546 566 470 443 444 536 529 
474 571 364 436 517 546 566 470 449 443 536 529 
473 570 357 436 518 546 567 470 456 444 533 529 
473 571 349 436 517 547 566 470 462 444 536 529 
474 572 342 436 518 546 567 470 468 444 536 529 
473 570 337 436 518 547 567 470 476 444 535 528 
473 570 329 437 518 547 566 469 483 444 535 529 
475 576 336 436 525 547 561 462 476 444 528 529 
487 583 342 436 529 546 555 458 468 444 523 529 
492 589 351 436 537 546 547 450 462 443 516 529 
497 595 355 436 543 545 542 445 458 443 509 529 
503 600 359 439 547 546 537 439 451 443 504 529 
505 604 367 437 553 546 536 433 445 443 498 529 
502 610 374 439 558 545 536 426 438 443 493 529 
502 616 378 439 565 546 536 422 435 443 486 529 
505 622 384 439 572 547 536 416 430 443 481 528 
505 628 390 437 576 546 536 410 424 443 476 528 
503 631 396 437 581 547 536 408 418 443 471 528 
503 633 402 437 587 546 536 408 414 443 466 529 
503 632 406 439 587 546 536 408 408 443 466 529 
503 632 414 437 587 546 536 408 400 443 466 529 
503 633 419 436 587 546 536 408 394 443 465 529 
503 633 426 437 587 546 535 408 389 443 465 528 
503 632 431 440 587 546 535 406 383 444 465 528 
503 633 436 439 587 547 536 408 377 443 464 528 
503 633 442 439 588 546 536 408 369 443 465 528 
503 633 448 439 587 546 535 408 364 444 464 528 
503 633 453 439 587 547 535 408 356 443 464 528 
503 632 453 442 583 552 535 413 356 439 469 520 
503 623 453 446 578 557 535 416 356 433 474 516 
505 619 453 450 573 561 535 422 356 429 479 510 
505 613 454 456 567 568 535 426 355 425 484 503 
505 608 454 461 562 573 535 430 356 419 490 497 
505 603 454 467 556 580 535 436 354 416 496 492 
505 599 454 468 550 585 535 442 354 415 504 486 
505 595 454 468 545 591 535 449 355 414 509 480 
505 590 455 467 542 596 535 452 354 413 516 478 
505 585 455 468 537 601 535 458 354 413 523 472 
505 579 455 469 530 606 535 465 355 413 529 466 
505 574 455 469 524 611 535 471 355 413 535 459 
505 568 455 471 517 618 535 479 355 414 541 454 
505 560 455 469 510 624 535 486 355 414 547 447 
505 554 455 469 502 629 536 492 355 413 552 441 
505 547 454 468 497 636 536 498 356 413 557 436 
505 542 454 469 489 641 535 506 356 413 564 429 
503 536 454 469 483 647 535 513 356 413 571 423 
503 530 454 469 479 653 535 519 356 413 576 417 
503 523 453 469 471 660 536 525 358 413 582 411 
503 519 453 469 466 665 535 526 358 414 588 405 
503 515 453 469 461 671 535 526 360 413 593 405 
503 513 452 467 459 667 535 533 356 417 599 411 
503 508 453 460 453 662 534 536 358 426 603 417 
503 504 453 456 449 656 534 540 358 429 608 422 
503 498 453 448 442 650 535 545 356 433 613 427 
503 493 454 446 438 646 535 552 358 440 620 433 
503 488 454 440 431 639 534 555 358 445 624 439 
505 481 453 436 425 634 534 562 358 444 630 445 
505 476 451 437 419 627 534 569 359 443 636 449 
503 469 453 437 414 622 535 577 358 444 642 455 
503 464 452 436 410 618 534 580 358 444 646 460 
503 459 452 439 403 611 534 586 359 444 652 466 
503 453 452 436 399 606 534 592 359 443 656 473 
502 448 452 440 399 602 534 598 359 445 654 477 
502 442 452 436 399 596 536 599 360 442 654 484 
503 443 452 436 399 591 539 600 360 446 657 485 
503 443 452 437 399 586 537 600 360 445 656 495 
503 443 453 436 399 580 537 600 360 444 654 499 
502 443 452 437 399 576 537 601 360 444 656 505 
503 443 452 437 399 570 537 601 360 444 656 510 
503 443 452 437 399 565 537 600 360 444 656 515 
503 443 452 437 399 559 537 601 361 445 654 520 
503 443 452 437 399 555 537 600 360 444 656 527 
505 443 452 437 399 547 537 601 360 444 654 529 
500 448 448 437 404 546 540 597 366 445 650 530 
497 452 442 437 412 546 543 593 371 445 646 530 
492 457 437 437 413 546 548 590 377 445 641 530 
487 461 431 437 423 546 553 585 384 445 637 531 
479 468 425 437 426 545 559 582 392 445 631 531 
475 474 418 437 432 546 564 577 397 445 623 531 
474 479 413 437 439 546 564 569 404 445 618 531 
474 483 408 437 444 545 564 564 410 444 610 531 
474 490 401 437 449 545 564 556 415 444 605 531 
473 497 394 437 454 545 565 549 420 444 599 531 
474 502 388 437 460 545 565 536 426 444 593 531 
474 507 382 437 466 545 565 529 432 444 586 531 
473 513 376 437 471 545 566 523 437 444 582 531 
473 518 369 436 475 544 566 516 443 444 575 531 
473 524 364 436 479 544 566 510 448 444 570 531 
472 530 358 436 485 544 566 503 453 445 563 531 
472 537 351 436 489 544 566 495 461 444 556 531 
473 544 343 436 499 544 566 488 466 444 549 531 
473 551 337 436 509 544 566 482 473 444 542 531 
474 556 331 436 514 544 566 476 480 444 537 530 
473 563 329 437 514 545 566 470 482 445 536 529 
474 571 330 439 517 548 566 470 482 446 536 528 
474 574 331 439 522 546 565 466 477 446 531 529 
483 579 338 439 526 546 556 460 470 446 524 529 
487 583 343 439 532 546 551 454 466 446 523 529 
494 590 351 439 538 546 544 449 461 446 510 532 
500 595 357 437 543 546 539 442 453 445 510 528 
505 600 363 436 549 546 538 437 451 445 498 530 
503 606 368 436 555 547 535 433 444 445 499 527 
502 610 373 436 563 546 534 428 441 444 493 529 
502 617 378 437 565 546 534 422 438 444 488 528 
505 618 383 436 571 546 534 416 430 443 481 528 
505 625 388 437 574 546 535 412 426 444 476 528 
503 631 393 440 580 546 534 409 420 444 472 528 
505 632 399 436 585 547 535 409 415 445 466 528 
505 632 405 437 587 546 535 408 409 445 466 529 
505 632 412 437 587 546 535 408 402 444 466 529 
503 633 417 437 587 546 535 408 398 444 465 529 
505 633 421 439 587 546 535 408 392 444 465 529 
503 633 428 437 587 546 535 408 386 444 465 528 
503 633 433 437 587 546 535 408 379 443 465 528 
503 633 439 437 588 546 535 408 372 444 465 528 
503 633 444 437 588 547 535 406 367 444 463 528 
503 633 451 437 588 547 535 408 360 443 464 528 
503 632 453 440 585 551 535 412 356 442 467 522 
503 624 454 446 580 555 535 416 358 434 473 517 
505 621 453 449 575 561 535 420 356 431 478 511 
505 616 453 455 570 565 535 425 356 427 480 507 
505 610 454 459 565 569 534 429 356 425 486 501 
505 607 453 464 561 574 535 432 356 418 491 496 
505 603 454 468 557 580 535 437 355 414 497 492 
505 599 454 469 551 584 535 442 355 414 504 487 
505 594 454 468 546 591 535 448 355 413 509 482 
505 590 455 468 543 595 535 453 355 413 515 479 
505 585 455 469 537 600 535 458 355 413 520 472 
505 580 454 469 531 604 535 464 355 413 527 468 
505 575 455 469 525 610 535 470 355 413 531 461 
505 569 455 469 518 614 535 475 355 413 538 457 
503 566 455 469 513 620 535 481 355 413 543 452 
503 559 455 469 508 624 535 487 355 413 548 447 
505 554 454 468 502 629 535 492 356 413 552 441 
505 549 454 469 497 634 535 497 356 413 556 437 
503 544 454 471 493 638 535 503 356 413 563 432 
503 539 454 471 488 643 535 509 356 413 567 427 
503 535 453 469 483 648 535 511 356 413 571 423 
505 531 453 469 480 652 535 517 356 413 575 417 
503 527 453 469 474 657 535 523 356 414 583 411 
503 520 453 469 466 665 535 525 358 413 588 405 
503 515 453 469 461 671 535 525 358 414 593 405 
503 512 453 468 458 666 535 530 356 417 597 411 
503 508 453 458 452 661 535 536 356 427 603 417 
503 504 453 456 447 655 534 540 356 429 608 422 
503 498 454 447 441 650 534 545 356 434 614 427 
503 493 454 446 437 646 534 552 356 441 619 435 
503 487 454 437 430 638 534 557 356 445 624 439 
505 481 453 436 425 634 535 563 358 445 630 445 
505 477 452 439 421 629 534 569 359 442 636 447 
503 471 453 436 415 624 534 576 358 444 641 454 
505 466 453 437 410 618 534 580 358 444 647 460 
502 460 452 437 404 613 535 585 359 444 652 465 
503 455 452 437 400 608 534 592 359 444 654 471 
502 449 452 437 399 604 534 597 359 446 659 472 
502 445 452 440 399 597 536 600 360 441 654 482 
502 443 452 435 399 593 537 600 361 446 657 484 
503 443 452 439 399 587 537 600 360 445 654 492 
503 443 452 436 399 583 537 600 360 445 656 497 
503 443 452 437 399 576 537 600 360 445 654 503 
503 443 452 437 399 570 536 600 360 444 654 509 
502 443 452 437 399 565 534 600 360 444 654 515 
502 443 452 437 399 561 536 600 360 444 654 520 
503 443 452 437 399 554 535 600 360 444 654 526 
503 443 452 437 399 547 536 600 360 445 654 529 
503 447 452 439 402 546 536 598 360 444 650 530 
503 453 452 437 412 546 536 595 360 444 644 530 
503 457 452 437 415 546 536 594 360 444 641 531 
505 461 452 437 422 546 536 589 360 444 636 531 
505 465 451 436 427 546 536 585 360 444 631 531 
505 471 451 437 430 546 536 581 360 443 626 531 
505 475 451 437 439 546 536 573 360 444 619 531 
505 481 451 437 443 546 536 568 360 444 613 531 
505 487 451 437 450 546 536 562 360 444 607 531 
505 494 452 437 457 546 535 555 360 444 601 531 
505 500 451 437 460 546 535 547 360 444 594 531 
505 504 451 437 466 546 535 538 360 444 589 531 
505 512 451 437 473 546 535 530 360 444 583 531 
505 515 452 437 475 546 535 529 359 444 576 530 
506 518 452 437 483 546 536 527 359 445 571 530 
506 515 453 436 488 546 535 528 358 444 564 530 
505 516 453 437 493 546 535 526 358 444 557 529 
505 517 454 437 500 545 535 526 358 444 552 529 
505 517 454 437 506 546 536 526 355 444 547 527 
505 518 454 436 509 546 535 525 359 444 541 529 
503 516 454 436 516 546 535 526 359 444 536 529 
